10 703
 85 42 75 92 84 14 11 1 15 58
 45 61 48 65 95 2 23 22 67 88
 96 19 33 51 9 6 87 20 31 46
 82 26 54 63 47 18 0 10 3 41
 99 79 69 38 39 12 36 43 83 68
 56 76 40 21 66 32 16 50 7 35
 52 77 44 80 55 37 34 17 4 24
 64 78 5 91 28 71 93 49 97 13
 57 29 72 25 94 53 62 98 86 89
 90 59 73 8 27 74 60 81 70 30
91 4
91 5
92 61
70 71
30 51
30 53
30 13
30 14
34 14
30 15
12 28
2 83
38 8
2 84
93 60
57 83
57 43
31 10
75 77
71 37
35 12
57 87
31 13
17 62
75 39
31 14
35 14
53 49
31 17
13 25
13 69
13 28
17 28
7 83
3 43
7 43
7 87
94 65
54 83
54 42
72 76
32 94
18 20
18 64
18 65
18 67
18 28
10 28
8 86
0 87
4 46
73 33
55 84
99 69
11 60
37 54
11 22
37 14
19 22
33 14
59 89
37 56
37 16
11 25
19 25
37 18
11 68
19 28
68 7
5 83
68 8
1 84
1 45
5 87
1 87
5 46
33 0
60 64
33 3
33 7
38 11
38 12
38 13
16 67
83 91
6 84
6 87
61 20
83 13
61 21
6 89
43 31
83 16
43 4
43 74
83 6
61 67
65 26
43 34
43 9
39 10
39 11
39 13
39 16
39 17
39 19
84 10
84 94
88 95
40 71
48 71
40 30
40 31
84 57
84 58
84 18
84 19
62 69
81 94
41 71
49 71
67 24
67 65
81 99
45 74
49 74
23 84
67 27
67 69
27 45
45 38
27 47
86 93
86 55
86 15
68 26
64 67
28 43
68 28
15 7
51 50
91 77
51 54
87 10
69 21
87 55
47 71
51 18
47 32
87 59
25 1
25 2
25 43
29 43
25 3
47 36
25 5
47 38
29 89
52 91
70 83
52 54
34 62
34 21
92 39
30 24
12 74
34 26
52 19
30 29
12 39
2 51
35 3
2 12
2 55
2 14
35 8
35 9
75 80
75 84
71 43
53 51
57 51
53 93
57 52
71 87
71 46
17 71
53 14
53 97
79 89
31 23
17 74
35 66
35 26
31 26
57 18
17 35
13 35
57 19
17 37
31 29
7 91
17 38
3 12
7 53
7 14
3 15
3 16
98 74
72 84
72 89
36 64
18 32
18 76
10 36
36 28
36 29
10 38
0 51
14 39
4 54
55 5
8 14
0 15
0 16
4 18
73 40
59 91
73 43
55 10
99 78
33 20
37 20
37 62
99 39
11 71
20 8
11 30
20 9
11 31
37 23
73 49
55 99
11 75
15 35
11 36
1 91
9 10
1 12
1 18
9 18
60 75
20 53
20 13
30 4
20 14
38 22
56 97
56 99
16 74
16 33
38 25
17 0
6 14
17 3
61 32
83 25
6 59
61 34
21 92
17 7
21 94
43 46
40 4
61 39
80 6
39 20
21 99
21 18
39 65
39 26
39 69
39 28
39 29
84 20
62 71
80 64
62 32
80 66
66 33
84 67
84 26
22 10
84 69
26 12
44 46
22 55
26 99
22 17
37 0
89 62
37 1
89 63
67 30
37 2
37 5
27 91
67 34
89 27
45 43
41 43
49 43
87 2
68 71
86 64
42 83
86 27
87 8
28 11
87 9
24 53
24 99
12 6
91 49
57 1
69 32
47 40
51 29
69 34
69 35
25 12
47 45
47 87
69 38
29 97
47 89
22 1
22 2
29 59
22 5
22 6
22 8
70 92
74 95
74 13
74 14
74 56
30 31
67 0
30 74
74 59
52 67
67 2
12 42
12 84
12 43
52 69
30 36
34 38
67 7
12 49
2 28
97 42
71 50
71 10
75 52
71 53
93 46
53 62
71 15
57 24
71 58
13 41
57 26
31 35
13 43
31 37
35 37
35 39
13 49
19 6
3 22
7 25
3 67
7 26
7 27
7 28
98 44
76 53
50 62
54 22
72 16
36 33
36 34
32 34
32 35
14 44
18 45
32 37
36 37
29 1
0 20
4 20
18 49
0 22
4 22
52 2
92 3
4 67
99 82
99 42
99 85
15 80
33 31
77 16
73 99
19 83
37 34
33 35
33 77
33 37
15 87
11 89
9 61
1 20
9 22
39 7
39 9
9 69
9 28
20 60
60 87
20 22
60 89
20 67
20 26
20 68
38 32
38 36
38 37
16 89
49 3
49 4
89 5
89 7
83 71
61 84
83 35
65 44
14 1
83 38
61 46
65 47
21 22
14 4
14 5
21 66
21 67
21 28
39 32
39 33
39 38
99 8
84 31
62 42
62 84
40 10
48 93
40 93
84 36
44 52
66 87
84 79
48 54
40 14
66 49
22 26
22 69
69 2
89 70
69 6
63 81
67 82
74 0
41 51
41 93
67 86
27 20
41 54
41 16
34 6
45 99
34 7
34 8
23 28
86 73
84 0
44 0
42 94
68 87
42 13
28 22
42 57
28 26
44 9
91 50
91 51
51 71
91 57
91 58
87 32
87 73
51 39
47 93
87 78
25 20
69 87
29 62
87 39
25 22
47 99
74 20
74 22
74 63
96 99
30 83
12 53
30 89
12 15
12 16
64 2
64 3
12 18
2 30
2 74
2 39
71 61
93 55
57 71
57 30
53 32
57 32
71 66
71 25
13 91
53 75
53 34
17 11
13 12
57 38
13 16
3 71
13 18
16 1
16 4
16 5
16 6
16 7
90 91
16 8
16 9
76 60
76 21
54 71
14 10
14 11
18 11
50 78
14 12
36 87
14 13
18 54
10 15
10 16
18 16
18 17
14 18
10 18
0 72
0 31
4 34
4 76
99 90
0 38
26 8
0 39
99 92
99 54
99 13
77 62
99 15
99 97
11 91
37 83
33 43
37 43
11 93
37 86
11 12
15 13
15 55
55 39
37 47
15 16
11 16
15 18
5 30
11 19
36 2
9 34
60 91
1 35
82 84
5 36
20 71
56 71
38 41
16 93
16 14
16 58
16 17
6 71
6 72
61 91
65 91
6 35
83 84
61 10
6 37
6 39
43 62
21 71
43 65
43 67
21 35
43 69
39 83
21 38
84 81
84 43
80 86
62 54
48 62
66 15
80 49
22 32
40 25
66 59
22 34
40 68
62 19
21 6
89 80
67 50
45 61
81 87
81 89
41 64
27 33
31 1
27 34
41 68
49 27
49 69
41 69
31 4
31 6
23 39
71 7
31 9
18 0
68 52
86 87
18 3
64 55
68 97
86 49
64 57
28 74
68 58
18 7
24 35
28 37
91 63
91 67
87 83
87 42
51 87
87 43
87 46
29 70
69 97
28 5
25 73
29 32
69 59
69 18
29 34
28 8
25 34
91 2
91 3
