30 7783
   0    1    2    3    4    5    6    7    8    9   10   11   12   13   14   15   16   17   18   19   20   21   22   23   24   25   26   27   28   29 
  30   31   32   33   34   35   36   37   38   39   40   41   42   43   44   45   46   47   48   49   50   51   52   53   54   55   56   57   58   59 
  60   61   62   63   64   65   66   67   68   69   70   71   72   73   74   75   76   77   78   79   80   81   82   83   84   85   86   87   88   89 
  90   91   92   93   94   95   96   97   98   99  100  101  102  103  104  105  106  107  108  109  110  111  112  113  114  115  116  117  118  119 
 120  121  122  123  124  125  126  127  128  129  130  131  132  133  134  135  136  137  138  139  140  141  142  143  144  145  146  147  148  149 
 150  151  152  153  154  155  156  157  158  159  160  161  162  163  164  165  166  167  168  169  170  171  172  173  174  175  176  177  178  179 
 180  181  182  183  184  185  186  187  188  189  190  191  192  193  194  195  196  197  198  199  200  201  202  203  204  205  206  207  208  209 
 210  211  212  213  214  215  216  217  218  219  220  221  222  223  224  225  226  227  228  229  230  231  232  233  234  235  236  237  238  239 
 240  241  242  243  244  245  246  247  248  249  250  251  252  253  254  255  256  257  258  259  260  261  262  263  264  265  266  267  268  269 
 270  271  272  273  274  275  276  277  278  279  280  281  282  283  284  285  286  287  288  289  290  291  292  293  294  295  296  297  298  299 
 300  301  302  303  304  305  306  307  308  309  310  311  312  313  314  315  316  317  318  319  320  321  322  323  324  325  326  327  328  329 
 330  331  332  333  334  335  336  337  338  339  340  341  342  343  344  345  346  347  348  349  350  351  352  353  354  355  356  357  358  359 
 360  361  362  363  364  365  366  367  368  369  370  371  372  373  374  375  376  377  378  379  380  381  382  383  384  385  386  387  388  389 
 390  391  392  393  394  395  396  397  398  399  400  401  402  403  404  405  406  407  408  409  410  411  412  413  414  415  416  417  418  419 
 420  421  422  423  424  425  426  427  428  429  430  431  432  433  434  435  436  437  438  439  440  441  442  443  444  445  446  447  448  449 
 450  451  452  453  454  455  456  457  458  459  460  461  462  463  464  465  466  467  468  469  470  471  472  473  474  475  476  477  478  479 
 480  481  482  483  484  485  486  487  488  489  490  491  492  493  494  495  496  497  498  499  500  501  502  503  504  505  506  507  508  509 
 510  511  512  513  514  515  516  517  518  519  520  521  522  523  524  525  526  527  528  529  530  531  532  533  534  535  536  537  538  539 
 540  541  542  543  544  545  546  547  548  549  550  551  552  553  554  555  556  557  558  559  560  561  562  563  564  565  566  567  568  569 
 570  571  572  573  574  575  576  577  578  579  580  581  582  583  584  585  586  587  588  589  590  591  592  593  594  595  596  597  598  599 
 600  601  602  603  604  605  606  607  608  609  610  611  612  613  614  615  616  617  618  619  620  621  622  623  624  625  626  627  628  629 
 630  631  632  633  634  635  636  637  638  639  640  641  642  643  644  645  646  647  648  649  650  651  652  653  654  655  656  657  658  659 
 660  661  662  663  664  665  666  667  668  669  670  671  672  673  674  675  676  677  678  679  680  681  682  683  684  685  686  687  688  689 
 690  691  692  693  694  695  696  697  698  699  700  701  702  703  704  705  706  707  708  709  710  711  712  713  714  715  716  717  718  719 
 720  721  722  723  724  725  726  727  728  729  730  731  732  733  734  735  736  737  738  739  740  741  742  743  744  745  746  747  748  749 
 750  751  752  753  754  755  756  757  758  759  760  761  762  763  764  765  766  767  768  769  770  771  772  773  774  775  776  777  778  779 
 780  781  782  783  784  785  786  787  788  789  790  791  792  793  794  795  796  797  798  799  800  801  802  803  804  805  806  807  808  809 
 810  811  812  813  814  815  816  817  818  819  820  821  822  823  824  825  826  827  828  829  830  831  832  833  834  835  836  837  838  839 
 840  841  842  843  844  845  846  847  848  849  850  851  852  853  854  855  856  857  858  859  860  861  862  863  864  865  866  867  868  869 
 870  871  872  873  874  875  876  877  878  879  880  881  882  883  884  885  886  887  888  889  890  891  892  893  894  895  896  897  898  899 
174 279
196 202
49 504
406 440
36 2
160 161
126 747
706 469
288 396
268 61
42 191
635 644
297 722
149 271
79 80
863 324
383 159
241 53
52 66
141 369
730 414
370 569
45 321
56 765
711 610
39 120
241 371
487 803
55 252
396 212
435 634
825 733
721 542
194 590
374 299
625 266
155 70
272 51
237 72
541 841
36 455
178 469
4 91
848 262
302 729
102 258
235 179
450 255
112 181
848 268
159 668
216 375
87 117
518 72
845 593
169 595
270 562
174 283
660 659
344 503
401 211
357 105
32 276
717 67
516 849
602 284
102 717
155 487
864 853
70 335
13 477
160 177
125 241
54 209
109 113
245 562
825 286
444 511
289 19
75 2
149 288
52 73
593 562
509 134
616 855
359 680
52 75
38 34
64 136
69 370
593 566
29 202
174 748
288 860
90 195
61 468
397 744
508 26
61 469
39 132
751 799
424 205
55 269
721 555
544 528
315 329
52 590
211 138
258 627
125 708
41 151
272 62
819 543
331 465
237 84
702 752
42 15
210 72
341 390
273 242
22 351
83 79
483 631
319 95
312 666
112 195
319 98
644 534
210 79
129 433
306 461
21 89
712 685
357 110
150 251
27 593
32 280
238 317
225 718
202 276
493 565
368 561
142 894
493 569
259 687
521 549
160 182
583 641
640 350
125 251
297 744
206 90
73 14
289 28
52 80
439 834
229 448
182 115
457 123
101 217
227 36
302 287
340 334
52 86
52 87
344 18
38 47
69 383
111 142
8 283
80 279
309 49
896 725
449 771
373 708
511 163
293 562
677 451
211 140
225 265
539 846
212 667
838 354
55 277
707 27
15 109
509 600
154 442
263 319
183 171
797 779
272 70
612 688
382 121
301 221
155 93
702 761
237 94
509 607
130 408
301 224
350 721
657 142
186 301
134 130
129 444
230 407
540 355
344 521
186 306
545 590
134 135
153 1
440 805
448 718
711 182
153 4
248 252
248 253
54 220
160 191
264 385
145 31
234 134
286 306
567 527
182 121
101 222
268 99
109 137
182 124
584 64
340 342
540 815
697 776
525 284
426 30
283 641
701 716
29 223
323 94
190 893
409 605
440 78
56 797
21 315
139 834
305 417
173 250
463 5
508 49
625 290
358 197
520 503
176 31
411 625
15 118
138 326
211 158
721 577
165 898
434 153
410 113
530 434
634 628
519 540
231 28
450 286
835 698
364 857
673 281
467 527
670 63
657 155
821 583
657 157
249 776
292 510
202 292
44 304
656 29
158 188
838 826
240 344
649 797
180 11
550 293
196 242
717 99
360 668
196 246
183 648
487 383
109 142
101 231
258 194
415 815
258 197
40 123
512 692
610 130
311 625
59 479
125 279
38 64
29 232
666 84
21 321
21 322
776 421
111 165
844 571
350 284
672 235
234 601
209 157
209 158
568 596
263 336
77 222
183 193
258 51
258 52
555 4
231 34
98 590
244 542
555 8
50 510
45 825
50 512
696 733
192 527
87 155
644 562
535 686
524 245
387 390
843 512
657 167
241 873
620 529
150 286
586 345
115 351
172 207
49 552
529 488
477 469
608 120
848 762
314 306
54 247
325 748
145 54
714 322
608 127
182 141
92 301
319 543
250 291
496 724
344 43
795 228
227 64
147 210
59 12
392 535
409 620
227 68
38 77
387 855
357 602
147 219
820 538
248 733
310 126
763 838
508 67
424 240
383 662
247 214
6 208
396 266
601 273
211 175
595 220
231 40
93 362
114 61
492 22
231 42
301 253
42 53
69 73
163 803
405 447
258 67
29 706
492 29
857 637
696 741
124 235
69 78
63 123
311 180
313 56
214 306
311 182
752 82
50 527
696 747
644 575
208 102
647 4
437 303
238 357
208 104
224 234
208 106
482 163
357 156
172 219
248 285
54 252
692 563
692 564
145 66
757 189
193 595
363 815
38 82
634 191
38 84
300 205
11 66
420 528
638 834
660 26
660 27
111 185
201 252
683 692
201 253
895 240
721 94
157 151
334 176
247 220
871 202
195 202
424 250
15 143
792 579
196 729
6 216
515 845
211 184
424 256
31 277
3 542
232 2
497 791
411 659
53 202
377 472
595 231
42 61
610 613
846 201
77 249
244 561
846 203
634 657
58 442
462 318
363 362
581 122
28 35
437 310
524 268
44 332
68 374
752 98
276 414
521 590
68 379
196 272
38 134
167 548
145 70
395 224
54 266
145 73
891 520
210 137
166 16
381 110
582 180
537 324
376 426
344 65
32 12
540 854
324 255
381 115
752 402
428 449
59 36
118 509
426 75
362 312
45 395
237 306
747 725
196 731
543 58
776 454
689 500
310 146
247 230
315 380
247 232
372 240
795 701
70 857
211 195
847 725
181 103
42 70
130 457
12 486
100 208
405 469
135 27
323 202
58 457
313 75
124 257
63 145
508 145
124 259
552 406
217 38
28 46
208 120
28 47
512 65
304 401
718 544
28 218
372 706
320 535
208 128
573 776
889 515
180 54
180 56
733 156
543 532
813 308
543 533
234 183
663 855
611 686
330 467
73 75
540 860
221 11
182 176
182 177
376 437
11 86
479 111
708 157
733 611
299 410
747 739
114 321
15 161
544 590
367 563
487 886
419 587
247 249
106 4
405 472
708 611
231 73
181 115
231 74
708 614
258 96
124 261
438 841
301 286
410 166
42 86
87 191
63 150
386 823
708 618
28 50
140 394
63 153
162 319
448 771
209 657
172 240
711 61
208 135
77 720
208 137
837 353
167 565
82 412
38 153
499 433
115 395
180 66
733 167
196 298
180 68
527 416
371 204
314 345
410 625
262 327
771 224
404 421
248 42
110 606
123 207
32 33
308 147
272 256
59 54
238 847
662 358
120 531
86 143
752 426
599 446
86 147
419 590
139 898
223 213
447 727
182 640
15 177
223 218
293 74
40 631
285 311
204 412
372 269
446 213
163 840
170 19
204 417
898 405
495 713
86 608
271 203
145 4
289 4
145 5
45 879
443 546
451 17
186 371
279 119
323 227
211 670
481 600
172 253
747 292
224 274
208 146
143 528
855 75
385 329
14 118
573 799
418 542
527 421
894 226
166 40
608 174
395 255
210 163
447 277
246 209
2 521
485 330
537 351
272 260
63 626
272 263
869 221
834 699
708 170
537 356
40 185
869 223
485 337
415 879
62 106
185 310
86 151
62 109
482 661
237 334
717 500
798 403
327 410
120 549
128 465
515 881
144 596
343 543
847 750
356 144
30 719
732 121
138 396
509 683
108 145
252 30
353 473
279 52
100 236
266 521
181 139
86 616
857 688
49 10
362 805
620 582
595 26
386 849
707 122
323 237
546 230
517 502
276 452
609 692
14 121
208 155
172 263
208 156
759 42
636 304
237 2
865 504
733 181
499 453
301 763
407 115
286 385
38 177
283 30
594 211
286 386
210 173
166 51
527 437
110 622
227 414
94 46
256 144
469 217
40 195
191 528
485 347
57 431
869 234
820 590
685 819
248 68
267 595
59 77
133 151
62 119
224 744
708 189
627 444
591 552
21 394
310 181
861 328
133 155
614 847
776 495
455 109
733 645
196 777
561 306
408 172
569 224
166 527
223 235
703 401
555 103
24 520
308 624
92 825
99 213
181 141
53 253
40 654
542 512
285 334
381 614
708 642
582 683
462 363
381 619
479 602
63 181
399 454
63 182
176 468
523 714
323 244
271 225
28 85
173 792
85 107
28 86
195 712
637 831
685 368
28 88
856 184
49 28
424 765
31 789
718 588
889 557
695 298
108 619
2 543
581 631
107 105
123 234
232 113
376 475
123 235
469 227
289 521
272 286
59 84
365 57
59 85
147 284
104 432
133 160
752 458
447 66
414 383
798 422
207 26
656 184
120 566
310 195
18 38
447 752
171 220
18 39
798 429
476 482
299 455
207 114
886 99
608 654
379 608
727 457
152 424
108 166
537 838
396 54
5 31
181 158
846 264
279 142
110 180
456 172
380 111
28 91
110 182
63 195
201 776
380 114
843 590
523 727
271 236
214 378
334 68
85 117
156 151
85 119
223 703
67 839
369 228
369 229
208 179
66 319
181 611
108 625
38 195
189 529
395 284
446 708
527 457
94 60
395 287
63 651
20 800
805 9
32 70
187 19
508 657
420 593
53 12
200 720
303 71
455 120
447 72
381 178
381 179
362 371
7 799
86 187
546 718
38 651
599 489
414 397
18 47
179 142
155 101
842 546
224 9
89 306
171 237
170 52
389 542
108 173
272 753
279 81
63 70
789 563
18 340
337 378
84 11
10 426
181 167
252 65
146 231
117 504
334 70
396 69
84 16
846 278
547 775
271 247
156 160
522 215
432 148
49 47
252 442
208 186
503 414
459 314
189 537
301 793
108 638
407 144
527 465
47 535
107 125
248 92
284 306
175 428
53 21
208 640
2 569
589 569
33 417
437 841
73 590
485 378
551 408
752 477
317 527
18 55
207 47
455 138
879 194
701 62
651 411
836 352
280 126
880 614
53 281
136 314
170 66
10 431
135 93
84 20
279 93
417 539
152 448
273 13
5 53
279 163
355 21
713 367
84 27
85 134
84 29
631 101
369 240
631 104
236 323
156 174
208 195
223 727
813 370
424 797
156 178
208 198
527 470
355 130
623 747
669 713
499 495
342 535
514 876
445 203
160 11
527 478
175 431
187 33
594 255
451 419
76 272
76 273
846 748
469 254
256 183
62 151
551 410
53 30
242 23
432 619
482 69
324 32
468 35
426 416
333 667
95 527
324 37
259 310
259 311
761 814
142 520
561 345
155 122
155 123
813 838
717 559
166 565
246 718
556 668
452 477
888 536
378 121
490 530
170 79
252 82
108 198
136 329
318 590
84 33
472 10
122 213
273 29
279 176
146 258
22 43
28 290
355 7
96 594
132 142
797 400
631 117
361 342
345 216
598 459
571 740
761 366
170 203
451 424
222 226
170 207
170 208
262 398
371 278
2 586
187 49
159 319
393 206
369 712
132 601
123 279
207 61
660 306
207 62
324 42
603 448
821 208
614 895
493 203
479 198
468 48
306 109
575 478
641 508
13 122
155 135
13 123
755 623
703 452
659 345
812 332
280 148
675 479
749 422
396 91
170 88
156 51
252 94
198 432
313 368
133 661
616 508
84 44
323 290
5 75
5 76
323 292
18 378
271 274
162 396
375 468
20 384
22 54
231 107
49 74
231 109
631 125
127 466
132 153
156 195
849 432
212 306
280 608
797 415
108 662
366 590
546 299
137 393
784 819
326 426
342 555
206 107
371 284
187 51
846 765
606 125
160 33
718 58
17 311
380 616
869 292
461 365
132 610
398 451
180 149
5 713
546 753
494 734
5 718
493 212
18 84
145 218
161 347
207 77
355 611
368 212
640 24
701 90
845 91
651 442
207 169
170 92
232 625
75 235
542 575
75 237
273 45
84 53
122 231
85 160
84 56
5 85
20 390
860 330
722 723
329 100
20 396
49 86
441 507
670 709
756 692
236 358
612 335
36 120
571 760
170 223
541 510
46 2
246 286
146 731
416 508
85 624
228 10
242 53
317 560
513 398
494 742
213 371
39 25
374 424
249 417
132 627
493 221
398 468
390 556
521 203
306 129
758 316
207 171
722 274
371 752
179 195
131 115
555 171
314 898
251 437
368 229
4 218
332 187
570 706
652 3
845 722
512 331
59 117
117 550
84 62
765 575
460 316
375 483
722 730
678 623
231 124
115 19
346 758
794 91
397 411
735 336
160 301
568 230
43 18
293 223
103 445
316 518
88 300
194 273
721 228
645 712
421 200
370 706
549 434
819 216
421 205
819 217
416 519
645 719
160 59
85 0
469 297
162 879
660 331
551 452
39 31
631 604
85 4
249 424
74 14
197 405
145 233
125 89
85 7
873 408
468 73
53 78
85 8
169 276
712 358
667 61
477 108
521 217
717 599
275 485
188 530
509 29
262 889
555 183
177 12
468 230
349 438
177 16
273 60
378 168
177 18
513 869
468 237
106 121
829 608
190 550
84 73
84 74
84 75
499 71
259 27
613 860
22 82
231 136
321 204
72 589
195 794
759 388
195 795
744 6
631 157
369 295
729 145
165 551
178 151
825 428
421 212
525 406
187 82
18 865
107 185
748 402
74 204
380 646
132 640
151 449
145 242
161 371
306 143
278 164
551 468
546 785
213 394
361 846
324 86
33 0
545 268
33 1
207 194
33 2
606 612
4 234
371 776
216 521
450 405
33 8
177 21
177 103
33 9
261 381
177 23
336 847
555 199
177 107
370 264
177 28
84 81
697 446
259 33
869 788
403 480
84 85
593 259
792 211
232 24
61 155
277 111
719 227
345 260
332 661
155 634
94 521
499 89
590 586
657 14
431 15
132 195
141 521
194 291
555 659
342 593
794 780
12 113
468 706
480 199
170 256
160 70
181 13
160 76
181 16
631 620
74 30
242 85
132 651
374 450
20 889
74 34
516 542
249 448
878 664
206 601
259 370
12 44
493 256
155 181
636 869
480 660
606 620
641 559
280 193
170 718
502 433
98 712
297 432
177 112
177 114
319 202
191 74
221 223
319 204
365 586
193 246
261 395
62 677
736 877
242 590
370 278
512 366
117 586
403 492
441 540
174 447
202 426
158 319
351 475
355 97
513 21
144 203
139 517
43 47
449 467
144 208
739 33
258 323
877 618
648 419
636 96
217 595
640 509
165 579
239 521
255 651
222 288
74 220
713 897
661 879
242 90
181 26
639 543
535 351
644 231
587 525
312 366
39 60
821 260
535 354
260 347
393 268
312 368
551 485
242 97
838 500
535 359
306 163
74 46
60 112
529 155
721 714
60 117
493 266
201 49
183 323
41 311
384 393
219 217
384 395
651 490
347 3
502 448
692 229
319 214
188 569
221 235
701 404
43 880
874 494
441 551
472 83
706 643
776 103
43 54
575 28
596 402
470 288
640 510
406 624
631 189
836 893
856 20
245 730
612 381
528 106
712 22
612 384
141 541
141 542
250 421
64 301
416 551
497 452
657 6
549 473
12 133
577 606
669 797
731 193
307 684
192 203
228 60
8 448
551 491
192 208
628 115
265 590
345 47
129 145
860 847
516 560
39 305
105 106
121 234
838 512
306 175
39 308
39 79
167 200
306 177
66 879
706 192
154 601
235 351
150 7
739 562
474 472
1 590
268 727
588 590
468 270
431 631
559 865
760 388
593 280
254 611
75 297
845 777
455 683
575 30
106 168
575 37
26 252
431 47
165 590
712 33
640 525
165 593
753 97
193 726
819 260
221 706
154 155
445 293
12 145
364 555
530 139
151 485
116 551
230 115
105 111
98 289
345 752
321 708
105 113
844 728
129 155
12 70
209 308
39 88
84 174
225 439
770 8
12 74
339 554
474 480
521 269
811 812
509 78
229 162
112 371
319 231
221 251
177 144
468 280
177 145
177 64
229 167
177 148
259 70
177 149
540 523
392 224
112 378
311 325
221 259
68 504
540 528
43 70
106 177
670 772
168 270
168 271
763 525
719 266
207 692
115 503
321 255
692 28
70 520
792 256
70 521
42 391
29 39
65 838
596 427
797 496
692 708
640 539
501 411
577 625
192 220
45 521
167 11
98 290
158 807
187 537
667 703
45 527
402 462
431 192
380 46
792 719
173 425
306 193
361 895
74 78
729 654
505 142
33 19
306 199
729 658
377 611
377 612
102 455
287 549
229 170
708 74
148 424
330 136
59 181
848 469
530 609
519 714
708 78
376 102
177 74
519 716
90 847
493 41
460 384
468 298
11 109
409 322
493 751
116 4
231 194
43 80
29 40
161 889
97 248
232 75
820 239
264 562
89 885
155 686
248 437
43 88
882 335
334 6
463 513
331 190
544 262
877 655
640 543
739 72
348 431
193 747
220 201
3 235
187 540
122 776
535 391
181 67
558 838
667 717
380 53
644 274
249 34
33 22
50 229
173 434
33 24
522 799
12 90
129 177
33 27
661 44
33 28
33 29
734 354
84 198
661 49
331 661
521 285
344 259
405 603
148 430
257 306
183 367
811 832
325 455
647 18
486 507
229 180
458 378
229 182
177 164
153 125
229 187
821 760
605 161
153 127
17 869
164 569
177 169
106 191
73 211
477 632
804 115
493 59
64 26
27 798
314 83
97 257
558 385
373 445
128 121
120 207
321 275
776 146
219 717
515 541
431 73
596 443
109 321
177 622
712 62
463 527
892 271
634 353
40 306
302 488
167 31
634 358
525 479
105 40
34 106
329 652
358 380
33 31
34 109
173 442
121 270
383 830
443 218
74 94
711 838
39 344
105 145
33 36
367 708
15 308
528 608
625 488
405 613
93 535
167 248
25 236
647 27
503 29
229 191
229 192
606 688
330 158
11 121
811 849
592 721
198 33
657 344
229 199
834 369
177 98
431 676
719 290
719 291
479 30
452 11
120 216
815 575
747 427
768 791
48 220
177 634
125 462
176 110
130 153
460 861
12 182
857 352
58 150
135 393
454 661
391 200
140 26
157 321
366 33
477 190
372 401
366 38
209 348
60 172
249 59
464 593
383 847
435 869
853 170
809 839
693 797
729 689
565 29
119 720
41 372
309 344
595 406
554 679
198 44
472 414
2 208
253 30
370 11
319 278
253 32
620 717
283 392
73 232
253 140
775 6
752 118
575 85
758 879
692 68
277 193
83 160
630 649
264 596
383 395
856 82
194 6
662 500
727 118
377 192
530 181
247 7
789 213
64 368
386 520
708 317
181 97
380 81
58 168
386 528
111 369
96 220
587 598
408 301
15 322
249 66
310 319
462 88
505 180
462 89
143 213
292 263
33 58
568 797
718 255
31 458
448 56
208 15
853 181
64 9
82 111
25 252
503 43
421 763
25 256
892 759
192 720
183 399
153 151
857 828
330 178
319 282
875 116
260 875
311 370
428 163
153 158
752 121
397 43
776 170
64 55
718 715
505 644
158 399
397 49
521 774
172 407
49 752
815 595
330 631
608 322
572 431
338 546
795 26
608 326
458 869
101 440
640 586
509 371
308 303
877 36
433 315
140 40
392 739
97 744
438 551
391 220
140 45
547 438
21 539
534 839
775 113
667 759
620 274
380 95
334 368
895 434
234 812
718 260
462 99
424 445
208 24
182 803
19 34
889 235
208 27
19 38
699 615
41 396
857 835
634 849
819 789
22 590
124 437
58 638
352 112
363 555
90 898
238 553
589 229
134 362
352 118
105 636
505 4
16 396
557 827
276 608
44 528
370 39
289 209
430 193
144 290
567 752
776 189
210 321
234 365
463 566
520 275
130 180
847 456
220 250
714 538
686 562
789 231
815 54
420 727
111 381
192 281
167 72
133 302
284 53
29 456
334 374
775 120
305 647
552 133
96 240
343 703
33 75
372 432
469 11
143 234
208 32
609 396
3 741
609 398
378 3
82 132
527 132
543 261
509 848
514 535
618 729
543 266
475 118
192 744
702 56
352 120
227 115
191 223
334 838
799 624
508 339
511 869
409 384
85 14
208 319
85 17
83 191
717 218
218 99
853 668
418 718
418 719
520 282
83 198
19 537
109 378
24 224
381 313
92 527
417 207
24 228
399 150
140 61
215 585
192 293
776 651
45 595
215 587
58 195
765 209
558 896
776 654
299 601
39 390
96 250
114 511
72 208
408 332
230 198
126 36
598 113
440 590
54 25
304 145
727 604
208 46
167 294
19 56
257 362
19 58
233 323
772 468
467 761
124 456
391 703
805 688
110 333
827 612
399 619
57 143
253 74
85 22
482 380
64 85
85 24
118 259
143 707
85 27
518 279
23 33
479 87
555 10
23 35
366 706
853 678
128 189
23 39
491 717
199 602
218 259
714 557
272 442
810 838
48 277
118 713
898 132
633 819
466 712
542 228
133 321
752 616
869 409
133 323
708 359
242 204
242 205
534 867
375 129
54 32
72 218
328 192
727 610
469 30
15 365
424 476
189 220
400 437
48 735
538 590
448 98
298 106
457 849
366 257
298 109
47 220
119 775
668 29
82 159
20 500
87 394
198 94
47 227
191 246
227 138
328 651
370 62
198 99
489 703
274 22
57 153
289 234
603 117
357 383
85 33
317 214
289 236
853 680
747 485
401 494
224 467
14 306
718 758
196 493
479 96
23 45
166 245
703 120
19 551
166 248
485 521
2 718
457 394
542 234
365 207
457 397
898 147
198 107
552 162
117 208
590 210
590 212
689 721
495 459
591 739
391 268
879 347
166 708
389 703
653 688
586 27
82 160
82 161
727 629
898 601
846 80
100 427
181 327
63 361
243 271
244 797
162 524
472 471
456 343
33 112
282 846
282 847
118 272
85 41
6 70
156 323
599 191
426 106
23 50
85 48
338 590
82 622
218 271
23 54
756 819
555 30
798 148
572 480
286 575
555 33
407 306
54 499
877 81
428 674
62 306
804 654
599 651
34 180
161 30
820 783
140 92
815 97
163 595
242 221
362 542
479 336
409 879
282 395
190 206
67 551
72 235
56 107
569 411
263 590
642 245
666 293
127 147
171 407
189 241
849 115
208 77
849 117
165 203
108 344
204 624
290 212
876 689
691 753
181 335
527 176
846 95
443 751
508 371
737 569
661 508
63 375
551 110
33 125
130 41
85 50
57 173
752 184
85 52
172 463
289 255
6 83
752 187
6 85
85 57
575 166
600 464
286 583
590 18
366 739
19 571
40 390
2 735
62 314
204 177
381 357
627 641
56 5
575 623
190 213
34 195
352 2
351 114
147 13
367 793
775 175
613 527
549 5
83 695
727 642
367 798
555 303
247 479
469 64
252 168
520 789
53 454
269 407
229 29
527 184
176 662
451 124
189 259
152 619
47 250
656 831
323 442
110 371
432 323
227 165
162 546
47 259
85 306
110 376
243 297
832 342
385 540
85 60
209 888
85 62
752 197
132 306
532 321
370 99
356 61
85 66
546 448
44 10
575 177
205 693
23 75
717 268
23 78
44 17
864 201
142 237
291 286
355 309
352 631
365 231
795 496
662 580
850 86
237 551
204 189
169 405
190 223
117 236
681 831
762 581
590 241
351 127
75 10
327 634
356 362
75 14
54 77
75 16
442 54
75 19
298 140
784 516
652 193
442 57
269 414
524 61
841 225
99 426
417 719
290 236
674 123
691 778
375 622
2 293
50 795
742 278
656 847
249 100
265 230
252 631
843 796
44 595
95 242
546 454
442 263
391 48
249 109
57 198
562 585
104 187
390 246
665 256
590 36
407 332
262 562
116 37
488 236
142 247
622 414
352 640
315 28
810 885
191 743
452 199
469 437
461 525
433 394
752 661
92 588
86 380
765 266
161 62
591 772
375 173
580 329
161 66
242 255
781 399
174 108
242 259
147 33
75 21
316 202
247 493
54 84
288 226
803 177
166 748
202 23
75 28
217 250
217 252
807 819
313 535
846 471
846 472
86 843
290 247
479 823
698 175
9 616
290 248
282 882
691 789
151 121
656 855
432 348
85 81
590 718
551 146
95 251
889 770
0 31
575 192
849 604
0 35
356 82
865 735
137 562
546 469
426 149
390 258
0 39
194 424
116 47
672 53
275 175
290 707
418 789
578 316
423 477
107 321
76 462
24 290
658 18
875 667
24 294
616 220
10 170
537 595
180 315
712 501
203 608
308 399
365 258
752 673
300 487
180 319
684 526
1 249
169 426
278 305
869 469
208 849
333 857
626 151
174 117
161 76
890 288
95 718
488 700
182 16
14 819
390 718
706 306
72 277
798 648
332 340
120 23
13 301
694 458
75 34
103 145
120 27
202 30
651 612
171 448
229 54
517 289
378 315
898 650
298 165
446 468
141 208
610 896
497 116
75 409
709 33
726 169
242 727
600 18
103 600
203 157
33 165
274 80
631 305
208 394
688 712
612 500
103 608
546 475
431 2
0 46
14 368
590 55
475 652
459 524
71 229
750 116
431 8
44 46
44 47
875 672
315 46
731 314
46 220
107 334
775 12
651 165
2 776
159 509
256 385
297 117
10 181
869 472
169 432
1 256
9 173
62 357
202 100
294 442
507 362
198 164
752 687
156 838
198 166
161 84
390 726
182 26
275 640
89 521
147 51
381 13
147 54
586 80
147 56
75 45
179 368
75 47
136 521
449 149
99 451
23 241
542 753
428 52
217 275
765 741
401 33
726 170
662 14
846 491
80 107
8 113
192 80
20 571
8 115
192 82
0 202
271 465
61 306
449 602
249 131
465 731
274 91
55 100
132 342
207 807
0 50
127 657
151 35
189 752
5 449
281 397
377 42
350 22
693 417
82 683
606 310
480 353
178 319
82 688
875 683
491 797
227 661
622 444
432 821
491 799
232 350
880 373
617 759
188 246
856 880
897 612
431 303
306 302
588 268
270 411
32 122
626 171
202 116
89 530
883 504
590 284
147 64
590 286
120 46
75 54
888 742
381 27
727 692
202 51
487 205
378 330
75 58
139 3
688 276
308 875
727 698
428 61
10 652
378 338
749 625
160 7
451 176
874 636
56 622
600 34
661 568
879 874
788 282
242 748
775 683
127 662
156 391
879 878
151 44
797 612
465 747
590 71
0 64
116 229
652 693
366 791
426 179
219 12
102 110
625 126
350 34
342 752
377 55
326 625
494 37
875 691
450 111
52 446
216 232
151 613
180 341
655 820
857 33
203 636
188 258
736 574
306 310
79 612
306 311
46 249
535 508
9 195
169 456
242 291
198 185
32 132
202 125
95 747
722 461
32 135
487 210
103 172
613 588
171 474
75 64
463 40
106 16
13 70
349 612
202 63
75 68
75 69
760 526
290 282
141 236
422 456
106 301
226 622
122 431
898 687
151 160
0 220
522 450
587 225
432 387
396 3
212 512
249 153
55 120
14 390
95 290
625 132
435 506
5 468
680 834
44 70
0 77
584 559
407 384
315 71
44 76
81 182
578 354
407 387
164 220
255 813
606 336
268 413
622 467
344 4
273 104
393 426
764 715
22 217
95 752
174 152
322 452
360 501
798 682
289 789
442 776
174 158
815 223
182 58
202 139
360 508
75 72
131 314
75 74
744 401
78 117
229 92
801 108
188 723
449 179
131 319
94 248
305 16
703 678
125 116
9 661
632 852
141 247
117 752
335 510
451 198
45 202
106 316
0 232
432 394
106 319
861 39
103 641
369 482
478 361
71 261
838 211
361 574
598 687
838 213
584 563
126 4
849 655
241 258
137 28
110 15
178 348
219 39
674 644
164 231
393 431
216 252
469 493
164 234
402 601
279 869
312 535
22 223
297 157
85 838
431 332
33 668
668 446
254 310
174 162
87 7
741 285
317 776
493 430
712 559
455 385
202 145
798 694
78 120
722 484
550 144
332 390
561 587
70 210
13 352
147 96
689 60
131 328
365 760
619 407
136 561
463 63
640 225
99 493
497 160
165 294
381 894
463 69
34 36
470 453
454 325
350 135
94 712
374 181
173 113
249 174
94 718
31 105
151 77
516 274
374 187
377 300
189 797
693 458
126 184
154 315
219 49
260 521
535 19
0 705
135 519
631 813
336 588
22 235
98 449
140 208
7 102
483 519
830 56
493 440
213 596
139 240
32 165
196 100
120 81
182 78
155 372
196 104
368 445
848 611
706 369
207 395
35 3
449 195
75 94
202 90
35 5
703 692
664 272
703 693
269 493
34 42
531 356
274 182
703 698
202 98
125 136
34 46
340 211
528 7
187 231
460 535
593 456
231 342
792 412
172 13
792 414
792 415
419 401
172 17
197 164
329 335
396 111
792 419
236 587
258 513
355 390
154 323
71 289
721 447
36 353
535 21
377 99
578 384
450 151
165 9
739 286
535 26
748 610
535 27
273 132
535 29
85 856
777 341
197 620
764 746
84 340
174 182
113 2
597 644
150 145
774 673
521 433
493 454
113 7
573 606
729 819
202 169
521 436
182 89
747 108
493 458
78 143
463 80
578 847
463 215
59 340
578 849
193 442
463 86
651 687
221 424
588 775
460 542
202 622
858 559
187 246
702 197
522 490
29 107
215 229
839 756
506 366
590 799
144 408
331 351
36 361
170 462
612 578
138 207
217 797
301 110
302 637
535 31
187 702
102 167
796 14
216 281
731 384
8 634
301 118
775 82
650 639
731 389
712 580
439 274
644 433
639 747
161 590
764 757
55 622
68 222
788 799
182 91
174 194
240 222
60 315
464 736
521 443
521 444
384 590
65 550
360 546
270 479
240 228
578 856
526 685
221 431
70 248
302 181
232 875
319 414
640 258
564 743
32 640
324 108
501 136
231 361
744 93
215 237
239 279
740 260
855 894
839 766
430 314
792 434
719 448
386 209
855 897
596 600
155 857
26 445
396 132
877 824
138 210
396 135
88 540
302 640
601 143
258 535
93 231
721 467
659 6
634 512
486 215
7 35
301 123
65 67
239 733
652 24
486 217
58 301
835 586
0 731
530 326
187 718
829 382
631 95
22 267
857 99
68 232
620 407
878 880
7 134
68 235
793 499
150 165
747 123
601 604
211 506
240 234
32 195
131 361
41 521
205 302
115 236
447 103
101 120
422 44
692 437
221 442
548 623
302 193
605 332
29 123
815 730
21 214
321 443
215 249
462 1
45 258
430 325
462 3
487 731
371 32
172 49
838 262
648 635
492 423
229 815
42 588
83 319
110 62
65 70
421 450
219 87
7 43
819 464
783 574
301 136
119 426
268 475
535 59
273 166
347 105
897 693
540 261
535 575
74 448
68 241
540 265
516 770
625 651
202 194
285 52
105 318
493 482
71 776
641 783
339 752
168 76
106 80
78 170
211 519
731 860
12 807
59 371
125 172
715 739
209 35
731 869
512 590
101 135
564 763
408 21
765 43
34 88
239 290
68 703
324 127
504 67
187 273
593 497
21 220
129 819
741 797
32 662
525 199
529 838
454 376
172 55
248 625
396 150
435 572
814 227
797 694
55 196
234 508
247 108
357 10
65 83
130 324
80 653
778 893
36 395
65 88
340 719
244 443
650 667
17 594
450 197
329 831
415 265
79 692
511 546
225 644
39 524
44 213
306 395
168 82
223 70
172 109
106 93
450 651
78 187
530 805
474 695
354 378
648 198
164 757
444 451
392 431
305 88
829 865
340 262
605 354
221 468
629 397
829 869
16 542
348 179
283 563
97 443
45 272
703 63
409 524
118 6
68 719
248 630
172 65
419 450
172 66
316 784
440 270
528 335
67 208
544 464
315 265
440 273
528 338
453 61
86 25
757 538
125 644
357 22
213 22
7 60
29 600
610 503
7 65
93 266
7 66
535 74
443 402
753 350
734 63
753 351
672 604
483 575
519 467
548 197
209 527
172 110
116 778
150 195
168 96
562 219
687 772
543 411
309 525
223 84
543 412
54 155
395 117
70 286
891 412
301 619
805 828
112 595
59 395
221 475
439 776
587 19
35 357
147 120
392 445
504 85
134 524
348 189
357 513
215 274
847 73
60 814
305 342
29 156
776 343
482 524
703 77
316 792
195 101
435 590
173 184
86 30
585 203
158 44
86 33
348 641
520 436
457 521
686 721
7 70
77 147
250 668
12 376
111 540
462 216
796 65
140 270
24 49
439 45
506 875
511 562
50 437
347 138
620 446
186 247
254 396
186 248
189 41
44 235
838 755
344 467
25 432
301 620
382 521
100 33
499 315
262 204
647 617
463 274
87 531
326 41
834 562
692 478
19 236
101 165
834 569
11 327
525 34
340 284
599 321
147 137
776 352
591 414
172 83
193 23
853 824
528 350
173 195
131 33
114 219
315 288
330 21
53 111
86 48
708 500
301 170
577 857
53 117
100 106
340 747
148 195
50 442
201 625
58 359
438 739
39 551
323 106
320 431
172 132
28 117
601 652
143 407
625 695
586 275
546 107
437 228
224 158
586 278
309 542
447 150
257 525
395 132
395 135
366 408
54 177
153 340
30 137
606 898
527 309
847 174
177 385
55 59
22 776
376 335
68 740
347 608
300 123
485 217
357 530
505 835
128 340
172 95
67 232
218 413
263 270
596 662
315 291
608 514
210 503
572 625
299 319
195 127
676 819
138 274
285 200
204 300
40 521
86 57
462 230
86 59
530 380
377 394
24 64
213 56
119 472
249 8
828 834
647 175
213 59
462 236
386 721
192 462
656 500
7 99
794 105
74 493
244 487
192 467
414 706
363 285
748 698
363 287
753 386
292 460
609 572
172 141
7 195
637 705
601 662
83 829
162 43
328 357
66 8
747 186
66 9
82 310
538 753
418 434
527 316
405 838
286 267
450 695
624 194
76 111
361 39
799 800
199 315
869 111
363 747
110 508
97 480
820 470
357 540
123 109
324 178
254 875
752 325
869 119
240 753
752 329
733 522
776 376
286 721
247 150
30 603
343 431
263 280
367 473
263 281
247 153
853 848
218 426
728 845
757 573
166 407
411 586
48 443
577 871
177 857
433 510
337 232
852 335
24 74
228 357
92 709
530 392
439 71
117 27
45 15
530 393
662 718
244 493
162 220
271 101
301 199
157 542
467 486
238 290
799 353
247 613
328 362
44 265
252 306
653 846
666 446
167 475
137 222
395 150
813 226
527 323
720 476
219 499
205 374
244 65
527 326
76 13
443 50
205 377
55 75
301 657
314 258
124 636
123 112
324 182
420 463
352 315
415 777
771 139
352 317
525 65
310 8
21 280
747 651
185 213
208 506
362 241
346 113
700 165
120 443
776 386
354 880
798 308
430 399
218 437
195 146
86 73
117 31
117 32
204 323
117 33
64 585
686 764
577 886
800 176
330 57
220 455
100 135
357 78
537 719
300 607
213 79
100 138
163 755
271 110
271 111
230 381
20 220
305 846
266 426
472 182
271 117
323 137
44 270
323 138
799 367
472 188
328 372
44 277
636 205
137 231
77 644
527 330
257 553
647 652
527 333
205 383
93 776
371 122
76 21
527 335
587 61
314 267
19 271
560 42
443 64
19 274
810 564
87 575
63 535
14 35
352 325
123 127
53 0
604 819
208 512
300 156
14 39
185 221
856 536
869 137
104 324
57 337
586 765
414 273
208 519
294 107
546 0
442 407
608 541
569 123
463 774
262 706
357 80
703 304
509 590
130 394
99 113
542 412
378 24
348 697
357 87
394 117
462 267
192 493
91 208
310 540
412 77
58 396
18 227
39 590
391 447
282 569
494 120
718 484
127 319
858 17
712 8
894 141
647 661
418 462
100 81
600 174
194 104
55 91
663 792
100 85
113 207
30 175
113 208
76 140
131 0
199 342
447 199
227 322
14 40
203 32
34 816
628 865
272 183
856 541
347 39
513 236
92 279
253 380
300 168
869 147
409 593
747 673
628 32
185 235
437 727
333 536
562 736
128 384
841 59
193 75
152 20
6 177
76 600
1 40
608 557
608 558
199 804
228 380
1 43
195 169
80 16
234 32
99 123
86 99
743 487
337 264
536 211
462 273
117 57
10 315
117 58
351 19
869 608
334 590
201 671
20 240
895 660
755 73
323 155
356 521
128 849
143 453
20 249
5 112
598 324
5 113
546 153
77 661
494 136
361 217
246 130
301 685
543 485
382 587
148 57
175 310
818 494
100 99
395 189
227 332
543 489
214 734
87 595
110 542
14 53
203 46
352 343
469 136
224 661
753 889
170 2
105 869
170 3
695 663
482 593
747 686
170 7
43 236
193 84
367 5
600 644
575 349
6 182
89 202
275 322
210 551
608 563
807 510
299 366
262 727
727 363
823 643
123 601
247 199
343 479
269 125
376 846
182 587
45 53
91 222
428 869
351 28
100 166
117 403
316 54
804 848
776 24
590 412
252 340
5 120
522 116
637 757
252 348
66 229
732 516
562 298
298 314
527 362
475 343
113 229
246 149
314 299
123 150
76 162
107 12
284 202
427 815
107 13
742 447
279 517
123 153
14 64
546 40
404 374
175 327
33 315
57 366
276 847
362 287
442 439
114 280
322 119
532 507
81 301
195 184
569 155
727 371
76 620
152 46
378 51
80 36
45 60
324 683
365 414
75 105
117 76
204 367
9 324
433 43
861 717
515 51
443 493
122 105
18 259
775 361
266 468
146 149
162 278
323 177
327 813
103 301
613 718
671 174
688 410
569 616
171 606
369 148
99 600
257 590
437 299
246 151
889 487
53 644
366 472
808 588
451 312
222 113
194 136
486 797
159 202
462 759
375 803
432 512
347 64
203 66
107 25
35 13
243 485
668 103
63 578
551 311
642 95
35 19
200 641
426 312
156 537
322 126
30 660
442 449
275 341
733 586
827 56
1 70
880 520
594 614
651 323
608 589
1 75
234 61
117 81
123 624
232 503
351 42
152 59
352 825
261 233
880 528
365 426
99 155
433 575
394 155
58 0
394 156
66 14
117 421
1 417
370 116
66 15
75 117
58 4
58 5
72 440
57 838
34 396
599 869
190 417
569 620
552 386
895 694
195 652
5 140
28 195
555 501
83 898
831 36
233 561
475 362
451 321
262 293
121 64
475 368
121 67
107 30
445 118
76 78
230 892
622 146
203 323
162 747
347 79
856 583
243 498
289 461
145 100
98 109
546 68
413 726
717 461
889 54
161 236
769 637
493 108
259 225
475 825
795 690
314 776
81 323
179 84
727 394
591 90
175 805
875 848
1 86
714 798
91 250
117 93
468 102
91 251
66 21
616 402
308 579
378 77
542 466
45 86
198 334
310 590
66 29
271 170
522 140
6 672
552 395
242 448
37 521
598 361
179 535
184 222
67 776
546 190
356 564
714 63
223 648
252 378
721 103
579 563
298 344
165 426
852 869
113 256
52 145
286 15
326 329
527 398
536 721
35 30
76 88
199 395
107 44
14 95
17 217
535 204
98 119
385 752
35 39
294 160
27 142
249 306
374 314
306 37
546 658
322 146
185 289
545 135
758 209
173 12
173 14
651 346
378 82
112 203
173 19
804 880
869 652
836 289
316 90
394 179
335 202
536 14
86 587
454 16
122 135
441 402
20 292
242 458
449 320
171 632
408 593
361 260
42 220
590 457
103 334
675 841
503 350
693 130
223 657
721 111
165 431
413 288
252 389
784 728
475 381
451 341
378 508
121 83
368 24
76 95
70 14
9 819
658 209
388 434
737 799
70 18
35 43
203 345
456 587
98 128
35 46
552 869
535 217
79 322
551 347
161 252
306 47
494 646
412 221
104 396
306 49
601 74
161 256
761 743
717 484
622 15
4 111
194 625
493 128
171 181
451 804
459 717
142 456
188 421
594 647
256 572
180 511
51 100
261 262
112 215
795 6
86 593
351 340
512 237
9 367
898 398
122 143
460 219
43 747
831 512
207 531
613 755
72 477
103 340
776 77
590 465
787 409
465 463
361 271
602 319
123 0
168 117
503 360
5 174
569 658
13 506
114 789
369 188
361 276
123 5
42 237
165 442
498 834
53 684
189 487
217 466
170 133
326 345
52 161
459 267
70 21
204 869
541 422
451 355
165 449
421 102
170 136
70 23
170 137
451 358
135 202
368 38
52 168
702 326
604 893
224 44
631 501
546 90
306 52
374 330
169 172
35 58
603 375
84 5
546 96
169 174
369 647
516 422
249 328
145 137
374 337
142 461
270 149
4 121
259 254
178 508
619 102
65 224
173 32
821 17
175 834
703 385
848 309
812 265
668 602
80 88
75 152
869 671
66 51
498 386
152 396
668 606
632 563
27 620
454 30
112 229
869 676
359 262
202 304
479 587
574 342
774 815
831 524
735 25
797 342
26 117
675 865
94 419
23 442
285 776
183 99
261 737
445 152
194 186
70 31
34 891
274 339
70 34
70 36
135 214
146 656
70 39
90 234
306 60
764 433
536 759
79 340
107 79
668 156
803 856
213 290
860 716
821 144
522 638
889 90
27 172
121 105
670 170
390 479
368 143
49 103
619 112
251 357
107 543
692 106
269 193
692 107
51 122
598 34
9 380
684 743
111 55
111 59
593 158
161 736
735 31
56 367
735 254
590 483
288 452
893 76
449 353
555 550
449 356
844 139
487 404
345 166
503 384
841 463
760 716
571 690
290 471
142 51
222 175
70 41
427 880
194 198
658 236
23 458
416 437
17 251
74 111
107 82
70 47
98 155
107 86
631 522
551 371
231 508
74 117
671 693
393 158
212 702
161 280
249 344
317 493
426 372
622 40
426 374
121 114
612 721
665 490
493 153
322 186
270 166
368 150
183 211
274 805
89 283
659 290
384 283
4 143
502 332
173 52
594 674
41 208
173 56
290 37
297 335
75 172
66 70
893 187
869 692
460 240
145 612
198 381
66 75
580 564
66 76
226 361
649 820
536 52
370 179
16 203
226 365
8 48
242 494
310 57
590 490
84 508
487 410
590 496
590 498
131 506
160 234
78 306
384 747
184 277
13 537
487 416
659 757
42 267
258 224
797 368
88 234
640 409
52 193
525 324
142 64
52 195
170 168
512 727
107 90
368 67
570 185
142 69
17 263
70 58
713 799
69 437
393 164
35 84
268 158
107 97
341 57
626 846
535 254
225 310
327 18
35 88
121 122
540 47
42 727
145 168
413 789
488 485
89 294
641 469
578 553
698 875
202 1
848 337
319 111
393 624
46 456
346 8
66 84
536 61
150 310
117 494
190 481
66 88
104 898
536 68
306 529
310 68
493 625
613 797
618 76
332 583
42 273
251 838
125 310
149 352
94 449
141 442
64 202
721 166
693 187
56 20
645 654
70 62
222 196
525 335
70 64
111 204
35 91
506 535
17 277
759 776
364 449
631 544
26 603
121 132
71 462
116 448
39 208
493 172
358 249
102 330
298 864
167 103
102 334
167 106
474 372
339 449
183 237
49 137
235 258
331 538
216 451
570 655
276 14
588 491
159 39
193 166
51 153
260 719
580 582
278 551
535 727
588 499
25 38
16 224
719 154
521 615
150 329
802 835
26 150
78 323
321 147
882 213
383 243
245 640
160 258
3 113
640 429
634 221
749 857
231 530
91 13
70 75
296 306
17 283
587 442
350 330
56 38
98 185
135 258
631 553
197 352
121 142
838 420
838 421
838 422
493 183
315 407
219 131
521 164
783 733
41 236
93 409
112 271
502 367
132 26
668 653
519 606
319 135
897 854
46 477
311 223
25 42
598 76
51 165
25 43
273 329
226 390
322 670
668 658
84 531
797 63
571 63
540 428
477 512
7 306
226 396
97 135
158 249
667 143
643 103
368 641
831 572
770 55
183 706
463 402
70 426
498 892
3 120
721 185
261 784
109 208
686 402
56 40
551 3
106 531
416 475
142 95
70 84
111 220
593 657
362 16
56 44
91 25
286 98
368 98
719 621
70 87
380 593
296 317
535 281
467 133
329 530
574 855
522 684
90 285
735 759
209 216
396 313
145 195
160 727
206 542
459 783
49 152
625 368
650 821
349 390
74 611
164 452
74 613
372 81
87 45
468 191
129 520
393 19
107 599
475 23
164 458
25 53
483 727
310 90
649 860
753 507
897 869
392 138
310 96
820 136
7 319
310 98
706 574
493 656
530 19
60 508
826 897
801 331
321 166
419 150
234 210
367 131
115 417
367 136
659 797
258 261
721 192
245 662
520 124
48 102
596 339
64 232
825 389
640 449
48 106
88 276
56 50
76 7
56 53
725 838
220 107
484 792
558 731
158 717
239 465
362 27
245 48
443 100
283 727
111 236
260 285
443 106
535 296
121 161
590 7
78 808
590 9
149 846
25 120
93 421
848 99
608 58
634 703
783 752
183 267
257 206
331 569
692 164
180 590
193 190
164 463
87 222
834 254
657 230
475 30
731 588
118 10
25 60
87 227
197 832
8 91
628 508
254 542
311 246
374 864
84 554
134 229
873 17
515 441
492 151
207 3
280 25
177 528
857 240
119 151
174 853
119 153
639 490
128 78
730 538
157 210
231 569
844 655
397 857
540 96
526 55
419 625
492 612
96 106
601 342
167 140
88 743
93 432
77 305
49 174
339 487
819 653
12 535
17 770
530 525
473 819
221 180
135 747
393 39
712 792
319 166
118 102
22 469
25 75
649 880
331 48
97 162
625 841
134 235
25 79
97 165
321 180
32 394
791 18
248 351
115 432
529 569
251 883
487 475
795 301
624 334
640 464
343 118
48 122
64 252
220 120
245 64
29 321
296 342
77 12
29 323
69 493
56 75
56 76
91 56
77 15
158 739
122 695
201 321
300 52
563 442
454 563
202 849
776 514
77 19
409 80
39 252
103 896
838 461
160 756
718 141
693 692
121 187
869 53
648 838
96 119
396 348
718 148
405 520
486 420
211 259
309 242
41 271
309 245
250 838
848 393
353 508
857 715
696 820
273 362
519 642
475 50
363 432
111 719
46 20
609 4
358 752
511 735
2 31
46 23
2 109
267 161
753 536
60 65
820 161
46 26
586 431
73 132
413 64
46 29
139 480
2 39
97 177
321 194
612 53
38 202
144 172
695 319
144 173
248 366
330 521
115 447
434 714
531 590
447 317
447 319
605 541
102 4
220 132
266 10
182 237
202 850
509 266
80 395
697 889
386 420
253 501
45 462
56 86
15 31
776 524
50 155
719 669
620 164
96 122
209 256
55 394
396 354
797 894
869 66
772 335
421 661
819 673
699 505
857 724
554 586
17 792
508 214
660 792
105 522
118 122
46 32
46 33
530 50
150 380
60 75
2 43
105 526
821 697
2 47
267 177
46 39
695 323
357 245
240 454
333 208
41 741
395 301
54 345
406 594
714 425
537 401
640 487
182 244
520 169
48 147
701 835
340 466
29 343
300 71
106 587
77 36
15 41
321 14
391 124
32 879
334 267
482 719
367 631
15 46
15 47
329 587
15 236
756 215
602 16
353 521
93 462
25 162
302 875
132 80
244 650
647 346
80 869
74 662
2 121
276 86
657 270
244 656
153 27
799 511
519 668
60 84
84 590
208 201
16 290
60 86
475 79
352 18
208 205
84 595
120 143
591 142
791 49
747 356
758 798
218 131
418 603
210 222
257 708
115 469
360 797
59 590
184 21
572 347
109 265
779 208
692 669
24 113
35 556
389 117
381 204
91 80
220 153
220 154
542 105
91 82
220 155
122 34
50 22
542 107
77 43
725 889
401 821
21 442
588 85
792 673
719 686
15 53
792 674
157 253
711 776
591 609
550 879
343 603
78 858
211 281
263 454
403 37
547 38
424 355
396 376
383 777
211 285
15 249
182 713
130 541
847 816
109 727
429 590
372 338
348 843
892 674
772 354
64 744
889 147
182 719
610 712
421 687
443 611
111 748
230 543
352 21
96 600
2 60
63 237
254 590
467 659
110 227
2 64
110 229
73 160
235 48
73 161
420 178
28 306
118 147
289 114
281 202
477 584
2 68
442 103
396 838
820 197
477 588
401 378
608 244
338 466
343 154
611 774
771 300
847 362
410 707
567 668
280 71
847 363
210 237
343 157
343 158
273 856
520 187
714 447
109 279
220 161
857 290
134 733
542 115
86 220
50 33
220 168
444 91
50 180
237 405
50 39
192 198
465 36
401 839
776 558
321 38
299 504
15 252
801 857
396 384
585 416
772 360
853 8
3 651
566 611
302 895
301 370
181 203
63 240
886 484
296 846
140 482
323 300
347 342
153 49
2 70
272 7
358 794
477 590
118 79
15 717
143 605
409 293
856 249
695 353
96 619
434 45
172 335
401 383
357 276
718 647
533 708
682 757
505 578
733 255
49 688
499 527
148 853
54 378
63 702
743 182
714 457
24 134
376 535
789 152
662 446
386 460
695 814
879 230
321 44
50 49
471 305
50 195
879 233
157 272
50 197
396 390
31 390
247 342
447 815
544 692
843 196
895 369
727 513
107 1
509 761
377 590
623 325
538 490
108 223
250 885
595 353
846 320
462 434
108 229
58 561
297 51
366 158
47 122
708 718
334 753
323 312
279 207
843 650
47 129
67 11
508 258
707 206
357 280
68 4
156 217
643 192
220 1
791 78
889 626
390 108
813 415
747 389
410 720
395 342
382 744
314 445
234 294
142 106
286 468
395 347
109 294
633 720
807 219
457 294
158 792
311 776
220 185
479 221
381 239
220 188
77 76
438 494
50 58
242 116
667 697
15 84
15 271
369 17
643 659
96 172
781 25
590 118
809 796
727 6
24 601
727 8
411 789
108 235
108 237
857 771
337 437
530 593
301 394
47 131
543 196
347 362
472 370
153 67
191 152
244 699
2 91
191 156
840 0
44 460
511 797
391 629
456 249
432 208
46 84
191 158
352 58
46 86
494 302
172 352
73 193
718 664
289 149
546 328
600 354
543 651
338 494
262 433
41 795
330 582
286 477
395 356
407 208
371 316
352 513
40 283
885 450
657 776
220 193
149 93
581 718
117 113
77 84
220 198
122 77
765 137
7 869
43 403
98 26
36 31
310 273
98 28
776 585
321 67
569 312
391 178
572 841
372 370
727 533
452 527
424 18
143 177
152 500
602 66
228 566
48 659
204 527
700 822
542 608
462 457
822 303
410 289
2 173
279 225
352 62
112 21
432 215
191 165
40 12
235 87
67 36
317 92
434 78
211 789
309 772
695 59
600 362
572 390
418 657
47 600
608 285
314 466
608 286
210 278
513 423
300 352
110 726
417 145
256 246
272 375
50 70
266 82
104 520
300 357
143 25
77 94
869 338
856 738
482 771
542 159
237 445
224 846
310 281
333 726
36 40
86 267
55 8
776 594
38 731
72 143
600 822
776 595
21 497
242 136
98 39
447 840
247 371
207 202
404 4
223 332
590 136
218 647
556 726
171 315
179 228
703 501
417 602
24 625
394 313
269 306
165 116
462 465
381 718
708 747
23 109
410 298
479 706
85 202
690 146
472 391
105 590
191 175
186 493
633 296
252 521
224 390
132 201
132 202
95 130
408 735
578 83
281 252
317 145
453 595
304 548
761 422
361 408
281 257
205 590
720 695
798 15
516 96
142 134
608 299
107 203
277 4
619 48
469 325
184 85
581 733
76 347
869 342
657 797
542 164
50 80
546 800
104 530
7 886
885 475
98 43
542 169
310 290
38 741
72 158
486 29
94 3
727 554
408 289
624 889
337 463
272 846
165 126
898 533
153 90
91 417
23 117
576 590
174 35
2 193
146 325
508 293
174 36
352 80
271 333
380 214
759 416
28 365
311 30
718 692
132 213
208 276
127 529
311 34
442 164
143 659
437 479
532 234
52 301
732 709
76 352
371 349
24 181
11 584
485 464
869 353
317 610
381 275
417 168
232 228
208 733
417 169
147 395
98 52
169 314
172 1
172 3
455 223
143 47
128 590
166 640
455 227
242 156
722 322
288 123
247 394
600 849
195 378
291 659
53 371
865 174
378 204
165 136
849 42
869 815
342 165
399 570
661 433
42 7
323 361
479 727
775 550
456 284
295 385
85 224
352 91
535 1
214 487
179 703
139 74
40 43
96 674
695 81
598 533
281 270
40 46
14 252
172 395
385 467
390 154
132 227
338 66
385 469
442 177
298 515
382 792
761 447
166 195
222 306
619 61
175 521
279 719
62 242
107 227
175 528
469 347
308 297
232 236
869 363
46 117
398 521
792 7
86 291
765 177
98 65
287 58
507 255
98 67
322 319
665 627
72 179
6 396
332 242
13 203
378 212
332 249
152 542
217 162
181 271
765 631
165 147
279 261
174 51
122 301
661 446
72 631
432 250
295 394
256 60
710 792
72 638
323 378
895 885
289 191
88 12
88 13
96 688
215 12
88 17
311 53
652 570
533 776
695 96
14 269
488 156
336 430
491 688
191 660
347 875
159 408
256 288
741 142
213 442
346 362
185 465
774 513
36 85
798 558
328 19
89 426
727 583
94 117
9 530
661 450
10 544
232 709
705 65
122 310
342 187
375 551
593 307
541 136
506 201
506 202
174 67
656 776
587 103
523 857
112 72
72 647
122 319
871 853
403 539
67 82
9 50
88 22
9 53
88 25
555 703
889 692
26 31
317 187
732 733
217 631
761 462
26 39
222 324
165 619
537 77
36 207
36 208
445 316
619 85
151 502
17 403
1 161
347 889
439 115
180 236
1 165
98 80
513 478
1 167
129 34
306 203
869 389
102 21
379 742
717 665
590 181
242 187
681 775
541 51
171 362
395 875
727 596
365 632
81 529
394 360
795 898
165 164
269 357
152 566
245 317
217 187
593 317
290 179
364 122
195 13
380 251
85 253
700 889
174 77
61 213
855 732
432 275
56 529
112 83
317 190
40 73
14 280
797 510
40 76
40 78
533 795
132 259
371 381
100 855
794 841
206 207
107 252
589 692
480 269
98 313
46 142
191 684
151 516
668 323
76 399
180 246
478 703
322 340
516 600
57 595
71 73
342 70
200 865
306 219
259 432
368 311
424 80
407 734
280 250
368 314
371 844
590 196
561 468
445 19
102 39
635 412
280 255
301 26
204 590
193 301
394 370
446 391
112 403
869 853
290 183
123 849
165 177
378 249
898 584
433 798
177 1
217 199
195 21
174 82
460 407
346 846
198 549
277 26
432 284
177 9
168 301
316 601
432 286
394 13
345 330
329 204
9 74
9 75
112 99
316 608
397 508
184 437
171 839
838 103
761 480
838 104
849 546
721 314
584 457
311 89
194 362
178 234
475 582
217 657
578 251
194 365
531 15
206 219
388 631
284 440
98 321
271 842
62 280
46 153
227 587
107 267
679 776
151 529
169 361
788 656
79 521
561 3
79 524
322 352
717 680
346 394
306 225
493 321
281 776
546 869
649 536
30 892
521 306
94 140
52 813
527 31
259 446
301 36
527 37
378 251
771 876
165 182
378 254
59 214
593 331
59 217
370 345
797 7
609 49
869 867
890 683
195 33
271 395
271 396
61 235
639 155
88 51
37 744
171 846
394 28
865 680
168 319
116 147
593 13
332 748
165 640
88 59
481 797
252 598
132 279
241 158
768 809
26 65
154 202
241 159
113 472
141 604
503 569
52 362
394 847
178 248
622 371
36 237
307 741
606 246
380 731
445 348
819 319
731 258
839 39
345 800
631 703
86 2
216 158
1 195
208 795
249 527
521 310
161 467
190 195
894 873
89 460
407 752
207 281
384 461
280 270
332 290
368 335
30 47
301 42
488 657
59 220
640 123
229 213
136 463
13 259
893 365
394 393
588 656
59 229
27 821
195 42
146 394
187 125
512 449
195 45
190 656
889 1
168 321
889 2
345 350
321 306
250 33
639 167
369 394
61 44
61 45
331 230
264 608
88 67
449 549
71 175
531 32
26 78
538 103
510 96
771 77
778 745
846 895
12 208
260 421
46 172
712 460
431 242
217 8
341 177
180 279
369 855
712 467
625 510
317 686
597 532
568 805
249 539
665 683
638 114
30 50
670 372
363 44
368 341
240 105
288 192
316 171
155 273
288 193
445 48
235 425
654 249
57 77
188 640
70 123
703 591
301 55
527 56
177 203
34 9
141 161
527 2
468 341
378 274
136 477
51 323
59 236
593 351
527 6
23 195
741 654
306 703
195 53
106 236
106 237
792 311
719 325
397 530
122 368
678 747
719 327
47 10
88 71
555 752
47 16
47 19
258 414
26 85
414 65
805 211
819 337
146 865
783 447
770 848
822 869
777 243
74 317
265 670
535 445
540 134
68 111
358 424
322 380
78 10
78 12
369 869
625 522
745 843
161 486
78 15
84 249
30 64
445 57
280 290
49 315
139 156
368 355
94 172
330 4
480 764
848 523
812 481
731 735
583 436
463 118
112 443
378 283
640 146
500 55
319 304
460 440
187 140
106 240
122 370
69 170
512 468
593 369
187 146
529 705
529 706
47 21
593 40
88 85
3 33
3 36
640 604
411 405
3 39
332 68
892 323
59 706
274 555
302 535
422 857
8 531
414 79
445 377
260 440
770 856
770 857
739 198
231 714
421 338
655 770
268 356
98 365
613 68
271 889
116 632
374 562
358 435
68 123
426 584
123 14
374 565
240 120
68 125
78 24
625 533
219 310
281 59
30 70
344 317
706 285
16 33
131 252
606 731
548 10
521 348
502 540
51 16
16 39
848 535
562 56
229 242
611 425
761 44
500 64
378 295
834 417
812 498
158 421
195 70
335 452
158 425
231 263
154 15
368 821
195 77
277 78
815 625
236 21
21 107
61 70
631 283
47 32
470 387
47 33
47 34
212 466
116 187
383 434
354 707
3 47
47 39
138 112
138 113
729 277
250 521
440 145
729 278
130 202
339 189
130 208
170 378
203 590
164 170
783 467
164 173
260 453
350 522
432 797
426 590
540 153
90 467
431 274
68 132
402 549
540 156
511 428
116 647
540 157
293 828
774 591
84 266
78 37
16 41
878 787
139 173
115 132
151 5
139 174
286 101
322 17
115 135
527 83
848 545
65 468
229 259
668 849
84 722
321 340
45 153
706 752
638 607
283 449
69 198
722 884
78 521
394 72
236 33
168 365
26 352
236 35
593 61
3 54
461 8
125 521
61 89
20 33
675 67
12 240
593 69
20 36
165 699
296 502
645 869
639 661
770 879
159 499
668 393
22 174
519 349
511 436
84 271
586 131
78 43
843 308
771 7
211 414
529 275
270 396
145 389
78 46
78 48
641 685
36 743
331 742
325 530
339 656
445 88
322 28
268 830
521 12
251 596
531 292
527 96
761 60
330 226
500 82
273 524
245 394
834 436
19 106
87 409
187 175
253 202
7 508
719 363
226 598
321 352
792 351
394 80
0 195
195 98
195 99
425 549
394 84
776 229
729 291
236 47
315 153
332 92
640 632
61 98
20 41
160 469
348 520
130 220
3 321
250 542
721 389
75 869
228 208
778 27
58 220
393 390
530 246
58 223
501 519
506 752
164 195
350 542
50 315
792 814
830 710
843 311
374 590
821 393
132 792
535 487
448 530
363 147
79 593
431 296
306 292
123 42
225 546
306 295
267 45
281 87
78 55
838 635
448 537
211 425
78 56
78 57
167 323
25 311
78 59
109 13
837 114
368 394
16 64
739 681
474 590
219 347
548 41
521 21
115 156
819 835
51 48
692 353
319 340
805 715
640 184
439 662
354 279
11 202
777 742
180 789
468 397
187 184
518 303
117 5
117 6
815 653
139 652
21 135
45 177
271 29
78 543
3 70
321 367
139 657
539 672
128 217
82 46
3 75
119 78
177 712
83 236
315 165
768 877
48 301
648 558
383 467
20 54
757 439
525 562
78 4
730 721
206 298
214 100
462 109
421 378
50 322
350 551
185 42
22 198
799 216
563 629
277 727
173 535
78 62
60 251
129 277
123 55
78 64
424 505
240 162
240 37
78 66
625 575
16 70
263 609
405 702
49 365
49 366
115 168
51 59
744 383
140 620
92 113
657 433
311 442
753 713
747 47
662 123
271 35
441 694
131 752
236 62
321 377
4 857
229 742
125 550
277 279
82 57
160 488
82 59
48 311
457 421
315 179
705 278
819 390
250 564
258 477
440 189
658 493
296 530
130 247
462 117
421 388
399 203
350 562
805 278
776 707
753 264
39 442
123 60
140 179
15 403
230 248
528 703
96 304
78 71
123 64
44 134
123 65
44 135
630 270
601 544
78 77
519 4
889 306
309 432
16 83
540 2
16 85
502 590
521 399
322 58
297 590
521 44
273 552
714 143
848 589
747 52
485 104
657 447
311 456
73 321
686 178
237 102
453 703
158 478
163 165
586 625
283 487
695 505
253 236
867 849
67 122
608 401
67 123
801 554
234 432
113 14
330 712
68 23
744 852
113 16
47 85
54 527
596 556
47 89
83 259
692 838
727 205
520 347
20 75
324 512
221 847
35 727
691 323
296 541
130 258
353 246
462 129
29 527
162 103
776 715
201 525
719 857
620 354
511 475
466 4
792 848
620 356
844 869
838 661
78 84
78 85
652 200
625 595
437 127
892 842
178 795
720 351
586 177
562 136
109 44
338 170
687 690
51 76
530 733
652 209
93 647
543 336
19 142
124 516
221 395
843 800
540 662
496 555
118 311
202 590
118 314
620 817
485 119
105 717
843 807
362 120
120 323
362 123
139 683
83 262
236 85
113 25
144 377
236 88
520 352
41 19
130 264
138 177
64 467
93 198
163 634
253 703
454 772
21 625
214 134
430 739
276 231
65 0
263 632
620 367
68 193
144 839
173 569
78 95
68 198
322 71
437 137
322 72
437 138
143 319
109 53
434 460
37 43
286 161
824 556
3 827
450 590
425 21
102 599
521 66
414 8
363 640
347 513
686 190
118 321
507 37
104 203
237 123
21 172
599 244
837 613
16 489
357 448
236 90
882 470
776 275
271 68
853 748
640 680
727 222
113 39
35 742
324 530
3 371
176 231
40 432
130 273
319 848
428 727
324 535
708 425
204 219
20 110
363 193
620 372
20 113
511 494
814 636
123 93
267 94
211 472
123 95
344 394
424 546
481 406
109 63
10 33
853 294
562 159
25 365
404 93
301 555
543 356
508 421
262 139
542 18
19 165
604 706
273 589
657 476
57 220
508 429
420 365
104 211
237 133
43 100
271 72
97 395
43 102
409 477
78 590
43 106
776 286
395 510
608 430
113 42
776 288
25 826
291 323
113 46
619 876
234 465
41 37
82 98
876 282
153 727
348 584
511 21
686 664
58 280
119 394
18 112
634 499
610 459
50 372
857 488
799 261
776 745
240 83
182 1
26 889
838 696
372 537
252 218
699 721
889 346
487 34
865 306
10 43
153 271
665 88
410 449
363 662
753 761
461 101
318 809
747 96
720 76
485 144
456 416
7 571
604 718
706 41
461 106
599 261
134 475
357 462
185 122
791 819
73 366
185 126
344 869
104 229
281 409
43 117
30 521
776 298
210 431
637 171
113 55
520 380
367 394
327 227
182 460
113 59
703 203
498 201
417 303
3 393
228 273
220 361
204 235
634 95
542 314
661 110
765 304
479 401
362 610
133 411
18 123
296 588
162 144
776 756
620 393
72 306
263 661
99 60
252 222
361 101
48 821
727 704
320 374
288 57
704 262
37 70
372 549
257 461
99 68
58 11
109 86
58 13
113 103
542 30
109 87
421 893
618 838
113 107
720 399
527 248
521 97
519 883
175 203
461 112
885 26
63 448
199 249
175 208
706 53
186 657
453 752
630 781
747 574
437 627
704 722
104 237
317 309
237 158
442 317
185 139
747 579
82 703
113 62
41 50
91 1
114 165
690 11
230 48
543 837
573 32
275 219
428 752
751 80
40 461
875 708
420 841
353 290
428 757
261 104
313 126
433 447
72 311
362 624
643 844
21 667
201 575
819 61
799 282
667 889
127 222
252 231
276 273
437 174
408 448
236 108
718 397
298 203
113 111
876 768
247 15
37 85
217 306
58 25
109 8
846 521
58 26
220 838
314 186
767 898
47 322
527 259
185 140
11 289
118 366
747 580
357 485
414 193
161 105
695 566
627 266
333 448
362 176
161 109
470 93
423 521
379 414
38 457
585 172
423 524
113 78
182 481
727 266
27 35
91 120
708 460
536 121
91 122
752 721
691 382
204 256
765 322
518 841
511 58
242 310
495 551
462 188
266 352
776 771
18 147
694 502
523 535
443 384
775 252
179 403
20 155
242 319
288 72
799 298
590 317
481 441
424 586
413 145
337 631
298 211
31 10
181 421
58 31
389 807
595 562
852 738
31 14
514 665
31 17
58 39
290 308
742 343
227 242
513 150
352 253
33 214
352 255
295 549
508 468
528 27
11 298
105 776
185 151
461 139
213 131
362 180
156 426
73 394
276 748
333 457
54 590
695 578
390 318
134 20
314 651
475 703
113 83
142 313
608 473
89 114
134 25
600 559
113 87
41 75
703 231
19 662
675 253
477 14
81 208
27 43
308 454
152 242
542 341
313 143
752 732
204 267
365 318
542 346
458 9
885 656
56 201
162 170
351 200
471 521
56 202
820 889
185 619
575 718
362 647
626 214
195 542
288 80
299 735
590 328
236 125
252 253
114 647
195 548
72 74
103 208
527 271
48 858
31 23
31 25
542 63
31 27
58 49
230 784
199 277
789 15
727 20
28 543
352 267
816 305
426 212
665 330
187 4
237 185
237 186
237 187
113 90
379 432
395 11
25 879
210 475
113 98
251 207
142 329
485 640
456 85
772 51
324 593
542 352
308 466
869 532
752 740
703 249
256 447
9 231
804 765
310 483
57 9
375 256
362 657
552 284
590 333
6 565
96 393
356 454
607 422
72 83
143 386
42 105
31 30
841 314
82 281
247 45
425 90
498 708
569 92
100 546
58 56
542 73
34 752
388 313
352 270
85 403
642 811
508 486
352 274
230 796
789 26
230 798
352 277
110 479
775 739
551 227
185 173
551 228
575 273
317 346
289 369
426 229
43 167
259 125
608 494
89 54
651 231
81 227
216 53
869 540
795 598
417 355
27 66
799 83
765 350
752 750
588 323
588 325
261 148
362 660
542 368
162 191
198 237
590 340
162 195
67 671
213 619
759 154
291 841
585 661
465 341
449 214
252 271
590 347
275 717
327 739
560 100
165 47
301 5
247 56
152 729
579 468
566 869
742 372
783 104
859 167
2 394
47 366
266 847
375 726
552 755
604 776
28 561
151 217
535 106
104 281
304 753
426 233
265 336
5 517
289 378
281 467
281 468
251 220
395 33
251 225
291 396
275 268
65 107
256 462
136 143
191 844
261 151
655 91
27 75
48 14
272 597
185 641
442 821
362 675
185 648
879 482
174 8
735 123
275 722
236 150
590 355
332 432
465 353
400 585
189 371
165 58
261 99
113 160
298 254
865 377
797 229
274 214
498 727
475 284
113 168
79 18
255 412
79 19
501 42
788 354
536 639
535 114
79 220
90 117
304 762
727 52
535 118
241 302
172 593
426 243
889 871
636 631
161 153
43 181
603 269
426 246
613 190
161 156
700 39
200 578
194 521
235 103
134 62
113 625
134 63
166 396
199 761
259 149
62 57
27 80
742 846
352 752
898 290
880 458
203 708
460 111
112 117
542 385
460 113
542 388
86 493
226 232
6 590
590 361
288 330
590 367
280 424
66 174
165 340
651 717
481 33
217 365
58 84
846 580
88 107
58 86
726 263
290 357
542 849
79 28
17 130
17 33
255 424
626 712
90 121
604 794
528 73
552 776
741 96
707 463
712 152
132 432
551 258
717 390
489 869
432 1
95 367
14 468
235 111
636 648
612 609
134 73
251 242
155 12
717 399
641 339
622 531
477 61
395 58
235 119
784 184
477 64
46 322
875 778
4 39
651 268
232 445
897 703
589 879
33 727
118 885
542 395
174 220
169 537
375 292
10 289
133 495
202 208
384 620
590 372
171 551
703 740
275 748
264 308
504 797
103 258
343 899
53 590
269 542
1 810
245 502
160 119
220 61
206 20
651 727
58 91
113 182
220 64
189 396
658 122
422 535
778 443
220 68
329 92
817 865
846 593
31 78
549 14
80 208
658 129
403 734
17 143
69 315
90 130
674 259
323 18
461 193
203 267
135 119
85 448
449 703
506 408
470 518
716 804
374 247
426 268
71 336
235 120
178 414
235 121
342 843
625 218
355 443
89 91
561 197
31 3
235 126
235 127
36 408
62 75
83 14
331 408
134 89
31 8
498 291
31 9
261 181
4 49
112 135
869 582
660 601
365 376
261 184
319 39
431 405
62 468
261 188
752 796
56 261
72 390
161 636
283 115
306 409
602 232
207 451
202 219
327 772
774 727
759 196
590 386
436 656
94 324
218 899
590 389
264 317
42 153
531 413
812 633
160 128
498 752
258 112
378 433
383 117
31 80
503 286
250 201
290 372
31 84
161 5
874 731
525 212
467 16
342 394
525 214
307 460
542 869
323 590
79 49
135 125
470 520
8 226
90 142
403 747
380 456
236 641
712 172
42 613
551 279
241 336
326 720
721 505
625 227
65 140
217 846
306 8
306 9
65 144
237 34
83 23
155 36
210 21
319 42
617 869
83 28
4 57
651 285
90 603
319 46
70 0
151 717
180 445
616 352
48 56
180 448
70 5
575 782
27 543
56 272
32 231
561 660
306 417
174 247
436 661
488 834
877 411
849 281
809 112
303 747
555 464
42 165
59 401
236 199
797 265
332 479
220 83
898 780
797 269
217 396
24 889
261 657
220 89
17 60
106 403
484 651
451 288
446 96
484 656
522 551
535 154
511 115
397 5
535 157
184 636
494 583
14 492
66 668
55 229
797 728
448 209
693 537
155 40
155 41
235 144
142 394
796 211
142 396
235 147
41 114
319 50
123 590
819 508
260 601
216 344
21 43
393 525
880 497
112 155
16 111
158 126
16 117
534 106
303 752
558 148
864 821
354 405
864 825
849 294
812 653
258 131
70 308
64 100
744 508
640 317
141 345
80 232
220 97
187 310
509 109
79 69
17 73
72 875
522 561
85 477
17 79
116 340
735 636
426 290
465 865
655 489
39 106
55 236
598 789
426 297
259 190
560 625
597 266
178 443
532 495
797 739
331 432
235 153
251 92
155 51
102 236
259 198
194 579
8 703
480 487
611 134
471 22
48 70
819 519
180 461
8 706
450 86
148 207
210 45
88 0
164 339
580 482
21 58
88 4
21 59
398 776
283 144
717 44
493 535
735 184
4 521
561 686
78 223
248 216
526 752
555 480
155 466
716 380
458 606
13 455
797 282
640 323
269 582
152 791
502 718
583 619
435 168
23 380
141 352
75 553
64 112
80 240
640 328
525 240
149 267
335 620
206 68
79 76
135 150
38 16
52 59
255 473
388 394
17 84
61 442
111 114
536 697
380 486
511 134
94 813
396 201
517 895
66 687
625 258
36 443
237 62
126 285
690 880
498 44
155 64
83 52
617 894
726 774
235 169
240 1
364 819
461 695
48 88
134 100
197 714
134 101
129 416
240 8
322 575
493 542
722 590
401 202
