20 3077
   0    1    2    3    4    5    6    7    8    9   10   11   12   13   14   15   16   17   18   19 
  20   21   22   23   24   25   26   27   28   29   30   31   32   33   34   35   36   37   38   39 
  40   41   42   43   44   45   46   47   48   49   50   51   52   53   54   55   56   57   58   59 
  60   61   62   63   64   65   66   67   68   69   70   71   72   73   74   75   76   77   78   79 
  80   81   82   83   84   85   86   87   88   89   90   91   92   93   94   95   96   97   98   99 
 100  101  102  103  104  105  106  107  108  109  110  111  112  113  114  115  116  117  118  119 
 120  121  122  123  124  125  126  127  128  129  130  131  132  133  134  135  136  137  138  139 
 140  141  142  143  144  145  146  147  148  149  150  151  152  153  154  155  156  157  158  159 
 160  161  162  163  164  165  166  167  168  169  170  171  172  173  174  175  176  177  178  179 
 180  181  182  183  184  185  186  187  188  189  190  191  192  193  194  195  196  197  198  199 
 200  201  202  203  204  205  206  207  208  209  210  211  212  213  214  215  216  217  218  219 
 220  221  222  223  224  225  226  227  228  229  230  231  232  233  234  235  236  237  238  239 
 240  241  242  243  244  245  246  247  248  249  250  251  252  253  254  255  256  257  258  259 
 260  261  262  263  264  265  266  267  268  269  270  271  272  273  274  275  276  277  278  279 
 280  281  282  283  284  285  286  287  288  289  290  291  292  293  294  295  296  297  298  299 
 300  301  302  303  304  305  306  307  308  309  310  311  312  313  314  315  316  317  318  319 
 320  321  322  323  324  325  326  327  328  329  330  331  332  333  334  335  336  337  338  339 
 340  341  342  343  344  345  346  347  348  349  350  351  352  353  354  355  356  357  358  359 
 360  361  362  363  364  365  366  367  368  369  370  371  372  373  374  375  376  377  378  379 
 380  381  382  383  384  385  386  387  388  389  390  391  392  393  394  395  396  397  398  399 
186 57
196 207
212 188
64 121
80 250
258 155
64 124
227 14
64 127
17 90
79 87
17 94
239 356
17 96
17 99
90 186
235 171
211 128
83 62
272 55
41 145
349 293
4 97
48 94
7 210
7 211
238 307
7 217
212 190
78 242
160 172
145 12
109 110
145 14
258 162
75 1
274 294
52 74
141 376
187 341
340 325
80 267
38 37
260 180
239 366
215 328
282 103
157 100
111 138
209 121
157 106
55 265
358 177
42 10
83 71
42 11
301 212
42 12
93 327
69 35
112 190
297 283
363 310
42 18
341 391
46 394
46 396
16 153
78 254
109 121
145 24
145 29
52 81
38 41
324 205
52 87
111 140
38 47
364 380
29 215
111 145
157 110
358 184
358 185
176 20
299 83
396 239
287 364
299 87
231 12
231 13
42 22
42 23
42 24
140 331
42 27
21 94
164 377
7 231
311 156
186 82
16 168
16 169
297 6
78 264
145 33
145 36
38 53
40 115
187 360
324 215
296 245
69 399
201 229
15 119
77 212
190 77
301 230
183 186
77 217
140 342
41 179
210 95
134 140
63 108
68 347
186 93
115 347
186 98
286 316
340 351
163 331
215 351
38 67
324 228
211 160
315 353
263 336
231 31
93 356
93 358
124 228
22 388
28 17
28 19
186 327
134 156
16 184
224 229
38 117
248 279
210 114
210 117
324 231
250 293
250 294
200 45
11 54
340 364
348 279
59 16
296 267
247 213
209 167
176 58
124 231
231 49
28 23
73 51
210 125
145 65
289 67
38 81
101 258
324 246
111 180
163 352
111 184
133 103
86 116
29 257
133 105
157 150
67 310
386 349
67 314
334 179
356 105
195 206
231 50
42 61
231 56
93 379
217 20
258 78
28 0
214 317
28 3
28 37
28 9
286 342
314 324
145 72
210 134
59 30
200 64
59 31
272 234
40 156
59 35
200 68
282 161
296 289
310 146
356 112
396 282
15 158
211 195
63 11
233 125
69 94
148 293
279 26
217 31
124 254
87 184
324 9
240 384
38 140
200 219
379 104
145 80
379 107
145 86
256 110
145 87
248 30
40 162
256 115
94 19
147 242
29 273
11 89
386 366
6 231
396 291
263 375
108 125
42 83
301 286
279 102
295 235
28 53
323 216
7 292
156 117
67 7
208 139
379 113
38 154
210 150
379 118
210 158
210 159
248 43
310 165
15 176
176 94
279 41
108 136
42 93
279 110
63 33
375 87
42 97
217 51
110 151
145 7
162 327
28 231
156 120
156 124
172 254
156 126
156 129
379 121
38 162
14 119
32 40
62 103
324 285
310 172
201 294
133 148
247 260
282 199
171 209
99 201
108 145
375 92
231 96
100 238
271 211
124 286
347 277
28 248
14 124
38 177
210 175
76 231
210 179
272 273
32 52
272 276
147 277
310 182
18 26
18 29
223 233
293 92
337 352
181 146
233 166
5 21
63 54
162 340
279 67
380 100
5 26
28 81
63 185
217 76
5 29
162 349
186 396
200 250
361 303
44 388
156 148
210 184
132 0
210 186
276 3
276 4
276 7
294 210
32 66
207 113
356 162
223 246
170 40
37 127
233 174
279 141
5 33
217 81
347 292
22 10
28 260
49 34
22 16
132 118
194 210
194 211
371 243
187 11
314 388
94 64
336 314
32 72
53 11
32 74
272 298
32 77
171 1
59 97
53 17
213 326
207 36
155 100
67 386
223 254
223 255
37 136
285 353
156 24
41 6
279 154
85 121
5 47
22 28
5 225
156 169
14 156
30 290
379 167
194 229
187 22
242 10
107 129
324 22
169 225
169 229
324 27
18 55
223 268
285 362
18 351
394 248
5 52
84 24
238 40
49 50
146 247
380 133
380 134
49 55
355 29
49 57
211 29
236 322
236 326
336 334
242 24
189 0
300 298
322 222
133 193
189 4
27 227
189 8
223 276
91 341
156 41
261 336
394 256
252 85
122 211
238 50
18 366
279 175
22 41
49 67
28 294
14 177
281 199
52 236
187 45
53 43
169 243
322 233
18 73
18 75
294 259
37 166
5 72
273 38
42 310
5 252
5 254
236 347
194 250
222 231
222 233
36 116
62 176
324 51
84 103
145 218
324 59
37 172
269 262
245 221
156 65
146 273
380 162
229 8
380 169
36 123
46 5
46 8
232 170
17 324
17 327
254 100
254 103
360 303
18 97
131 113
65 317
229 101
112 313
394 284
106 116
43 10
238 83
211 64
238 87
22 76
43 15
43 17
43 18
124 0
154 103
187 75
146 15
145 231
74 16
84 123
169 277
74 19
324 75
12 22
12 28
12 29
13 157
177 10
177 11
75 250
245 246
321 200
314 11
22 81
277 100
168 221
43 24
66 380
331 132
212 337
212 339
42 349
12 102
36 146
154 119
52 276
74 201
386 75
39 42
74 22
84 137
360 325
12 37
207 192
13 168
112 331
269 293
59 133
177 105
115 30
231 140
321 210
380 197
61 157
293 241
132 193
168 238
178 163
88 324
36 154
36 157
12 116
107 192
242 82
268 248
17 358
53 97
278 175
344 202
358 328
49 217
177 112
177 114
229 134
72 1
229 137
158 310
376 22
232 34
231 159
43 47
168 246
170 262
119 201
154 139
284 380
380 14
242 96
228 55
242 98
322 295
121 228
60 116
161 399
229 144
51 240
359 391
97 211
106 154
267 209
29 10
29 11
29 13
184 380
29 17
29 19
160 349
3 201
170 276
98 270
135 347
228 61
39 72
39 75
84 166
12 66
177 133
177 134
294 33
177 136
294 36
177 56
97 220
311 317
29 22
160 351
29 27
258 340
331 177
154 157
181 46
209 305
129 157
74 68
229 162
386 0
59 177
242 4
51 264
376 52
193 279
386 7
136 16
106 177
231 186
43 72
231 188
26 260
144 236
119 231
12 159
58 125
312 399
39 93
201 71
328 119
183 358
368 298
177 150
25 219
177 152
177 71
59 184
51 272
177 157
229 177
158 351
294 58
115 88
283 369
321 264
43 87
383 365
3 231
220 200
377 162
353 122
154 177
119 242
64 339
181 62
268 293
135 379
209 321
334 329
228 96
366 16
380 59
121 265
328 125
25 221
25 224
167 238
229 184
177 165
330 149
376 113
294 68
311 347
64 24
73 217
168 295
343 204
208 1
260 391
58 145
334 335
25 0
282 316
334 338
366 27
33 37
121 279
25 231
118 201
319 267
319 269
118 207
64 33
376 87
64 38
253 136
367 255
130 152
228 134
228 135
58 154
334 341
192 256
380 71
321 0
181 88
209 340
50 245
282 326
39 351
276 120
366 37
96 217
211 358
82 103
82 108
153 144
294 85
392 264
63 308
253 33
283 394
150 97
150 99
367 262
277 198
299 119
228 145
204 104
192 260
119 273
181 98
34 129
304 110
380 87
19 21
19 25
87 354
11 145
6 25
267 279
166 200
218 79
128 157
109 351
210 316
291 218
182 343
109 358
48 245
353 162
48 249
130 179
111 375
230 172
142 4
58 179
339 3
33 67
19 30
276 149
35 193
191 215
63 327
6 30
392 288
73 252
157 14
397 56
253 161
64 67
120 245
239 24
218 231
210 324
343 247
176 140
228 164
228 165
58 181
167 72
140 54
284 56
192 287
192 288
105 82
375 108
366 63
157 353
276 151
249 88
208 31
157 359
181 2
276 157
108 306
153 176
157 21
118 245
157 22
191 229
6 40
397 65
118 248
253 66
136 87
335 78
23 25
23 26
239 38
327 125
166 229
48 260
34 157
366 72
140 69
209 388
208 44
205 195
257 368
366 249
153 185
243 252
157 33
253 76
73 273
335 80
317 206
130 18
64 87
212 21
64 88
90 6
182 379
10 116
242 207
276 173
96 268
108 8
257 379
2 250
171 73
6 61
134 396
6 62
156 315
23 40
23 41
327 142
23 48
176 173
228 194
140 86
276 180
356 336
143 268
233 346
47 233
33 116
157 58
391 18
379 321
327 154
308 351
176 181
381 344
220 293
176 186
313 6
176 189
140 90
86 353
242 222
72 231
140 95
34 186
190 208
318 289
126 66
208 71
54 57
15 388
127 148
19 87
19 88
82 176
217 228
298 129
279 323
2 272
2 276
265 210
156 331
317 236
186 6
212 54
212 57
379 335
116 18
142 225
291 273
1 210
152 154
9 138
56 115
310 383
351 117
242 239
56 119
54 68
103 118
19 93
304 187
352 171
191 276
370 93
157 72
317 242
79 106
44 10
23 72
299 191
365 230
152 161
315 19
1 224
152 165
152 166
133 360
375 162
375 167
126 82
288 215
207 316
54 76
75 15
208 95
233 370
366 293
110 380
0 21
116 30
178 29
24 281
152 170
365 241
1 236
190 231
86 384
351 134
179 341
351 138
264 13
264 14
75 24
127 177
75 27
75 28
75 29
233 380
229 48
43 5
23 229
352 190
388 235
227 185
255 317
47 279
157 90
79 120
317 261
157 98
116 41
116 42
355 320
379 363
212 87
166 294
116 47
379 366
379 368
315 38
152 186
256 379
56 145
56 146
120 20
127 181
103 140
75 31
72 279
103 145
75 35
103 146
13 45
13 47
233 396
23 238
8 103
175 176
380 339
116 204
295 23
295 25
0 42
116 51
79 138
379 372
116 55
350 15
356 97
212 99
349 135
341 226
381 397
190 253
375 198
103 153
75 47
229 62
13 55
229 69
165 256
378 329
80 105
69 210
197 112
274 91
317 281
265 263
151 34
116 217
295 35
79 145
95 277
0 57
339 217
350 29
44 58
126 149
44 59
30 7
341 236
198 174
72 295
351 166
56 168
120 42
75 52
264 44
37 362
264 214
94 223
288 257
141 224
175 193
380 352
255 347
132 352
249 146
79 157
350 35
233 58
339 228
164 210
107 352
349 152
46 245
62 376
226 160
32 136
155 341
75 61
351 179
280 351
316 246
103 176
120 59
229 89
80 124
231 310
61 321
116 233
374 160
137 12
132 363
0 74
116 239
65 10
116 85
355 366
65 19
22 210
306 321
182 50
117 293
117 294
168 17
202 139
332 380
70 200
78 113
75 74
75 76
264 238
70 205
75 78
354 309
187 211
106 316
187 217
116 90
154 300
116 91
126 172
102 131
251 182
148 100
251 186
297 150
87 1
216 259
278 352
264 70
248 111
141 10
190 298
223 11
96 21
332 392
202 80
96 25
94 257
75 89
96 28
34 37
326 196
106 327
307 397
187 229
45 217
254 10
0 90
225 135
79 186
178 350
44 91
31 109
65 33
219 49
65 39
218 5
232 394
46 276
226 191
174 177
106 41
120 85
155 376
177 306
80 150
80 152
23 294
85 392
380 392
172 18
277 316
116 266
396 115
55 158
219 58
65 48
349 192
182 83
7 116
141 30
106 51
280 394
316 287
120 98
149 181
125 140
94 279
125 144
125 146
141 276
31 122
31 123
371 15
329 349
138 203
287 252
219 65
102 165
154 338
7 25
7 29
273 143
223 40
32 189
141 45
101 116
34 68
378 399
45 242
29 115
305 303
138 211
31 138
93 230
178 386
7 33
377 338
164 276
273 156
7 132
150 161
168 62
168 64
141 51
141 52
131 363
131 365
70 253
96 65
13 396
101 123
250 174
45 251
187 264
8 193
163 227
386 217
31 140
329 366
396 141
254 56
7 40
7 41
58 315
238 235
129 356
202 192
306 384
168 72
68 247
223 60
223 61
96 71
264 293
96 72
264 298
264 299
55 19
101 133
101 134
324 123
21 224
172 53
201 137
225 184
158 22
225 189
24 25
24 26
24 29
58 324
164 294
140 257
306 394
328 313
172 102
189 22
84 386
205 326
70 276
209 43
125 184
272 110
324 133
118 1
106 384
118 5
231 396
172 64
253 317
173 170
172 67
396 160
6 107
329 388
372 124
247 117
173 179
315 266
7 62
377 364
77 138
24 37
377 368
124 131
150 193
7 165
276 307
55 32
54 156
19 220
340 72
163 253
21 242
128 321
173 181
114 200
231 1
138 257
7 72
347 131
124 145
301 169
347 132
273 194
27 0
347 137
186 242
44 231
60 366
200 108
90 16
189 48
373 198
90 18
330 351
223 95
326 49
172 83
157 5
157 8
173 192
157 9
372 147
130 353
24 52
353 344
214 220
162 208
230 356
214 229
224 150
172 132
172 136
172 139
262 217
324 163
201 173
21 267
172 95
6 133
158 60
138 273
138 276
105 8
214 238
66 4
172 144
66 6
172 146
137 211
115 293
148 11
55 62
137 217
54 186
123 102
324 176
123 109
272 158
327 303
223 111
131 53
158 73
228 352
24 72
301 192
45 17
124 176
214 244
214 245
124 179
90 40
60 397
172 157
371 113
55 75
55 76
19 264
153 366
14 23
123 119
163 294
237 239
201 195
83 380
158 83
327 317
53 141
1 26
77 184
99 103
53 145
117 39
124 189
399 349
200 143
189 84
90 54
265 10
148 37
203 20
265 17
55 89
324 191
19 279
14 37
294 100
53 2
104 322
43 210
253 373
114 250
43 218
158 91
83 394
24 91
316 30
18 223
34 358
127 314
189 93
252 327
162 78
244 86
82 347
76 33
314 276
153 380
92 270
76 145
272 182
76 146
352 333
227 327
352 339
237 253
185 233
237 257
223 140
1 40
86 97
99 123
357 96
176 366
53 166
285 249
271 131
347 193
20 241
44 292
200 160
328 394
361 216
82 351
382 15
262 267
76 46
336 212
76 48
352 341
14 53
169 110
14 57
347 49
147 193
352 349
43 231
346 144
161 208
275 324
384 207
330 82
1 57
53 176
45 57
200 171
66 225
90 82
369 139
121 40
82 362
113 223
137 265
246 145
262 277
121 48
107 12
107 13
199 366
104 352
80 30
67 297
392 84
89 217
299 379
1 62
136 210
234 52
100 174
45 65
138 17
100 177
146 142
323 172
236 221
265 50
52 121
113 235
148 79
203 64
123 165
43 250
27 124
161 227
66 11
394 153
138 23
66 13
285 276
313 255
9 331
136 229
75 116
198 321
226 301
138 29
210 4
127 351
20 276
5 141
236 234
184 217
265 62
121 63
76 71
298 339
97 13
121 67
123 172
159 218
322 138
179 81
179 85
1 83
81 327
81 328
394 163
45 83
66 24
138 38
138 39
122 121
66 28
127 362
184 224
293 107
76 80
121 75
265 77
194 159
121 79
97 26
312 213
17 214
98 116
17 216
169 152
294 160
126 310
399 10
80 60
349 310
171 178
99 170
351 60
223 199
80 69
66 31
66 33
245 128
351 68
111 28
226 326
174 308
228 5
351 337
252 380
369 173
298 352
347 90
107 51
76 98
98 123
35 46
145 120
185 294
79 327
145 127
27 157
360 203
145 129
294 178
136 250
112 211
349 325
138 53
193 115
51 103
138 57
174 310
138 59
51 109
122 145
369 182
168 116
397 318
170 131
142 32
142 34
97 48
135 206
227 397
33 366
35 57
27 160
84 6
145 134
145 135
145 138
89 260
171 194
193 122
394 191
91 281
66 55
112 229
10 386
91 287
375 394
335 225
375 396
321 107
168 125
160 215
168 128
149 321
160 218
88 215
169 59
368 43
97 52
224 50
97 57
35 60
359 3
151 347
359 8
145 140
145 141
294 190
10 394
8 32
91 295
351 98
91 299
32 321
8 37
122 165
310 48
310 49
32 327
160 221
66 291
42 253
383 215
142 50
97 66
224 62
97 68
270 164
121 119
399 55
349 353
138 87
66 75
138 88
321 123
321 125
160 230
160 238
298 394
88 236
52 193
97 75
135 233
107 92
107 96
110 1
33 396
107 99
74 129
219 113
41 216
41 217
41 219
346 5
25 20
138 98
174 353
8 57
122 182
25 29
158 228
150 317
26 141
26 145
42 277
125 315
125 317
97 80
35 90
98 173
327 25
197 340
341 69
292 109
87 22
276 15
173 79
87 26
132 19
193 167
158 231
174 362
8 67
158 239
144 123
160 253
169 91
293 177
212 279
169 94
274 372
286 81
3 116
3 117
393 183
98 184
17 286
309 202
194 14
251 392
251 393
132 23
112 271
276 28
87 38
111 94
193 177
255 99
16 231
310 86
16 236
37 1
37 2
367 121
37 4
42 294
260 271
393 198
50 118
344 149
276 32
49 159
276 36
87 46
331 23
193 186
60 36
335 282
335 284
97 145
168 181
32 379
144 145
78 347
48 101
48 109
76 7
128 66
362 27
111 233
56 57
135 276
56 59
360 286
257 201
159 62
132 46
118 10
87 56
87 57
60 42
60 43
193 198
331 38
60 46
73 115
335 297
160 282
248 346
196 327
220 114
348 349
135 288
197 386
24 8
219 161
292 146
301 328
87 67
2 21
319 167
2 25
392 158
7 335
154 1
383 281
234 235
109 233
88 293
88 294
348 356
3 157
149 22
64 257
56 72
119 166
77 17
8 397
327 76
358 291
15 26
358 294
15 28
396 343
211 257
41 271
366 104
167 159
257 226
124 313
87 73
276 65
124 315
159 86
87 74
2 107
2 30
379 14
118 112
25 83
118 114
7 342
25 87
317 28
193 0
348 360
193 4
128 90
362 50
258 299
56 80
77 20
119 177
244 187
50 157
15 35
15 38
55 392
15 225
276 72
153 13
325 388
297 16
2 40
60 76
60 77
172 301
97 186
317 37
78 380
272 310
24 103
101 83
122 22
77 30
220 147
272 319
192 172
327 94
327 95
350 392
50 19
282 246
211 273
211 277
25 166
194 77
325 397
276 85
297 24
87 94
2 123
273 386
87 97
46 40
235 34
2 57
54 351
218 132
196 365
30 315
48 150
210 229
300 301
182 257
147 321
3 186
40 245
220 159
50 27
192 185
209 273
201 358
96 145
53 304
189 105
297 30
366 136
257 258
233 218
81 23
276 96
393 79
87 277
208 210
379 46
46 55
29 6
46 57
196 378
300 310
48 164
64 295
184 37
86 220
29 361
272 339
133 215
108 15
201 366
108 16
96 157
366 142
233 224
2 141
81 34
295 324
270 27
235 52
139 13
110 236
118 154
46 65
331 98
46 67
2 76
281 213
256 210
184 45
184 47
77 64
220 178
122 57
310 252
29 379
72 116
321 48
50 199
189 121
25 190
233 230
108 224
233 232
366 157
81 41
87 293
153 55
110 242
2 154
81 46
81 47
2 157
67 13
120 172
67 19
134 298
220 5
38 257
371 306
76 310
147 353
220 187
133 231
242 115
321 55
157 282
356 233
143 164
217 115
366 165
217 117
77 379
279 210
110 252
153 69
279 218
46 83
2 169
256 16
67 27
67 28
281 238
218 177
184 66
24 157
324 386
50 61
147 365
77 83
190 101
77 86
321 67
15 96
96 181
247 369
143 177
366 172
189 146
81 64
40 10
369 303
317 90
46 97
200 341
67 37
281 247
30 363
343 191
343 194
184 70
291 178
123 322
343 199
300 353
324 397
122 84
117 121
342 10
369 31
98 39
351 7
36 47
351 9
53 355
366 184
23 103
165 119
174 21
366 188
81 71
81 73
2 184
110 274
40 21
380 206
81 79
139 54
40 25
311 22
40 29
379 249
218 198
242 142
242 144
391 194
179 236
372 392
94 7
108 265
23 115
388 121
270 73
47 168
67 50
373 23
85 219
9 22
132 215
172 386
9 29
265 139
95 147
166 182
291 191
256 260
188 118
50 90
294 321
117 146
225 54
369 54
242 159
321 99
155 205
342 162
42 1
279 251
85 220
47 173
67 60
40 42
67 62
156 265
26 12
95 156
95 157
26 16
166 192
379 265
379 269
107 223
256 273
46 119
1 148
294 336
242 165
57 15
179 255
94 103
57 18
207 238
189 181
94 109
189 185
165 148
291 33
69 103
380 230
380 232
81 1
81 6
88 16
81 8
67 78
26 21
132 238
26 28
142 162
107 230
188 139
180 228
190 151
190 152
129 27
242 175
57 21
57 22
57 24
57 27
94 112
57 29
207 247
94 115
356 298
217 177
23 145
23 147
356 1
69 116
139 92
88 22
88 23
88 24
40 66
116 118
339 114
117 172
260 54
71 67
36 90
30 13
328 26
30 15
179 276
264 114
57 38
171 367
264 119
269 356
23 154
217 188
122 321
85 255
69 127
133 21
380 256
116 120
69 129
61 217
116 122
67 94
61 13
40 75
338 91
9 65
133 29
88 38
317 196
71 145
194 352
26 46
206 209
52 347
123 380
164 116
71 72
242 193
294 366
30 22
30 24
57 44
30 25
94 131
59 201
141 134
23 165
75 338
177 2
231 211
380 260
69 134
174 87
40 81
231 219
9 71
40 83
133 36
112 98
14 292
71 153
206 210
178 231
178 233
142 190
26 57
339 135
26 58
268 310
180 253
27 351
129 57
342 83
92 27
139 123
179 293
57 55
342 89
171 388
354 208
229 208
23 177
0 138
26 61
215 58
222 356
22 123
341 164
393 337
107 279
129 201
84 223
129 209
84 227
57 62
368 332
301 42
70 119
394 393
269 386
378 268
373 91
122 358
380 285
321 305
119 13
116 153
61 44
215 61
116 157
119 19
377 201
93 103
154 219
36 247
217 0
216 160
140 105
260 90
164 53
129 216
294 397
102 63
115 103
280 281
57 76
30 57
141 165
239 152
215 116
321 313
277 59
0 157
133 67
215 72
3 26
241 179
164 4
93 116
93 118
254 231
129 83
30 62
115 114
94 171
115 116
49 317
229 238
141 177
239 164
133 70
215 129
277 68
250 53
236 12
241 180
88 84
315 122
88 87
20 14
12 223
138 108
339 177
140 121
123 10
78 25
123 18
123 19
30 72
246 86
57 94
246 87
16 35
57 98
94 189
70 148
204 9
245 379
154 15
277 231
88 90
61 74
3 42
119 47
61 76
3 44
20 26
339 187
3 306
20 29
93 134
138 119
339 188
164 172
140 132
216 196
140 138
74 339
129 246
123 29
205 32
16 42
151 8
301 85
115 139
70 157
13 299
370 397
231 273
305 214
231 276
168 363
0 187
61 81
367 315
3 55
236 38
339 190
36 287
164 181
58 217
121 341
384 11
60 231
267 35
384 16
30 90
286 110
131 277
205 217
177 242
221 351
392 322
154 33
271 14
394 81
39 2
236 47
138 135
287 185
228 207
140 153
140 157
129 265
238 144
68 153
267 44
205 51
328 217
167 321
123 48
240 29
349 54
368 394
115 156
131 287
153 212
92 101
229 276
177 257
153 219
392 334
154 42
187 188
353 36
250 98
236 59
220 301
119 343
78 9
353 229
238 150
50 326
123 52
230 238
129 276
205 60
276 209
37 10
205 231
37 13
115 165
115 166
338 153
37 18
221 379
73 313
298 54
271 35
236 61
144 354
3 82
168 397
3 83
236 69
343 305
3 342
20 66
377 273
230 8
93 178
34 202
185 50
74 379
26 4
186 143
230 247
123 63
123 66
167 340
16 81
99 18
322 54
51 62
37 21
286 140
205 76
51 65
49 375
205 242
109 37
115 177
16 89
177 273
177 276
163 164
305 252
386 154
97 369
82 60
83 250
3 90
68 23
339 20
47 87
114 117
20 74
176 212
220 328
140 181
162 106
186 151
123 71
384 51
186 154
292 351
186 156
328 245
276 226
49 380
16 92
60 279
37 35
115 186
366 306
115 189
92 131
35 274
340 191
92 138
243 319
340 196
298 73
47 93
67 134
41 13
83 265
218 319
318 94
339 36
377 291
220 334
176 229
58 267
50 358
238 182
238 183
65 0
276 234
72 14
65 5
123 87
328 258
276 239
10 21
37 42
109 56
10 26
343 19
37 48
10 28
82 218
35 281
191 301
352 204
352 206
2 319
57 211
362 131
57 217
163 188
362 135
144 380
299 221
41 25
41 26
41 29
48 342
204 211
48 349
20 116
238 195
123 95
186 177
72 25
328 268
252 208
137 121
51 93
109 69
199 220
92 154
154 90
298 97
292 16
166 310
41 30
327 212
41 33
68 57
353 271
399 246
18 119
186 180
252 213
276 255
252 214
72 35
72 36
72 37
379 4
235 5
366 332
366 333
379 8
10 48
227 210
153 273
243 347
289 310
52 4
386 193
43 116
257 50
41 40
114 150
83 292
67 164
41 44
3 394
10 204
318 352
91 109
391 343
276 262
361 101
20 139
189 310
99 67
72 48
10 52
37 76
10 57
366 346
376 271
92 172
19 186
57 247
353 290
27 28
214 174
266 347
20 148
361 114
247 10
10 60
37 87
366 357
352 241
33 203
175 217
33 204
243 366
366 0
292 43
68 81
291 350
68 87
339 87
152 236
91 125
117 308
162 164
72 61
288 73
165 13
320 394
165 18
37 93
103 25
31 13
10 75
137 168
191 353
148 6
148 8
33 217
376 298
161 115
62 11
291 362
89 116
113 89
68 98
27 43
261 8
198 210
365 319
103 201
184 106
184 108
72 75
217 321
58 41
298 226
262 183
82 276
137 178
10 89
175 231
362 191
62 20
166 365
113 96
89 45
142 328
327 268
41 88
27 52
312 88
57 3
57 4
242 331
351 210
162 181
56 212
34 297
189 351
236 139
10 90
72 87
165 38
42 107
220 22
298 233
113 145
31 37
220 29
31 38
388 311
302 39
191 373
159 117
191 376
243 397
317 341
185 176
299 290
327 270
41 90
327 273
384 133
136 130
1 324
351 220
18 175
198 236
18 176
103 223
361 153
282 28
103 57
58 66
113 156
151 210
227 272
191 380
336 152
151 217
327 283
62 44
327 286
62 49
48 13
341 304
48 15
204 295
136 148
174 2
198 245
72 362
375 274
212 110
316 303
165 50
212 115
42 123
103 61
220 42
364 43
113 161
58 72
217 355
103 68
47 370
44 4
44 7
227 283
185 190
79 225
4 21
275 276
235 109
349 221
333 52
89 78
365 350
251 239
319 14
4 29
333 56
48 25
9 260
18 190
226 230
226 236
226 238
236 160
93 50
184 145
206 10
103 71
220 52
88 101
31 60
31 64
149 218
113 178
388 341
23 338
17 37
358 101
358 102
95 363
71 322
358 108
265 358
89 80
134 76
4 35
27 90
319 24
21 12
112 122
21 13
152 293
341 324
1 354
319 29
283 103
184 154
93 60
236 176
66 186
31 72
52 12
88 117
103 89
17 42
79 244
161 178
134 80
4 43
275 298
48 40
349 242
83 18
297 226
319 37
210 19
21 29
1 369
72 392
139 304
186 14
165 80
236 189
93 75
93 77
23 351
52 26
17 50
17 55
17 57
161 186
225 209
339 322
102 212
299 29
384 183
126 257
354 16
210 20
83 27
188 355
48 52
48 55
198 285
335 145
117 388
186 22
351 279
165 92
93 81
93 82
78 208
149 242
52 31
88 133
31 94
290 386
179 3
52 39
302 98
397 1
197 230
260 149
225 216
190 11
299 35
126 265
62 94
349 261
49 7
136 193
188 365
201 4
46 356
210 38
341 355
201 8
273 208
202 231
359 195
335 159
316 353
139 327
212 163
282 82
184 186
212 167
80 231
88 145
80 236
45 300
80 238
23 379
17 74
17 177
260 159
265 392
127 2
190 20
358 148
225 229
235 150
339 347
4 72
65 169
21 53
21 54
216 356
48 75
46 365
48 77
21 58
186 40
212 175
282 96
212 178
258 142
302 252
38 10
88 157
159 190
64 118
52 57
23 388
135 152
38 19
260 164
135 157
197 250
197 252
173 211
358 155
39 116
315 303
358 156
241 368
299 54
211 116
71 379
83 52
4 81
148 212
319 71
210 51
87 103
219 7
384 2
319 78
21 66
158 146
